Datetime,Open,High,Low,Close,Volume,Dividends,Stock Splits,Capital Gains
2022-03-30 09:30:00-04:00,162.27999877929688,162.57000732421875,161.92999267578125,162.38999938964844,0,0.0,0.0,0.0
2022-03-30 10:30:00-04:00,162.35000610351562,162.55999755859375,161.2899932861328,161.42999267578125,61550,0.0,0.0,0.0
2022-03-30 11:30:00-04:00,161.47000122070312,161.99009704589844,161.42999267578125,161.80999755859375,20417,0.0,0.0,0.0
2022-03-30 12:30:00-04:00,161.889892578125,162.23500061035156,161.8300018310547,161.84010314941406,14559,0.0,0.0,0.0
2022-03-30 13:30:00-04:00,161.99000549316406,162.00990295410156,161.35000610351562,161.4199981689453,14465,0.0,0.0,0.0
2022-03-30 14:30:00-04:00,161.53250122070312,161.59280395507812,160.47999572753906,160.72999572753906,16360,0.0,0.0,0.0
2022-03-30 15:30:00-04:00,160.6999969482422,161.32000732421875,160.66000366210938,161.17999267578125,123776,0.0,0.0,0.0
2022-03-31 09:30:00-04:00,161.35000610351562,161.35000610351562,160.05999755859375,160.44000244140625,75334,0.0,0.0,0.0
2022-03-31 10:30:00-04:00,160.5782012939453,161.27999877929688,160.57000732421875,160.7100067138672,46652,0.0,0.0,0.0
2022-03-31 11:30:00-04:00,160.6999969482422,161.07000732421875,160.35000610351562,160.35000610351562,85833,0.0,0.0,0.0
2022-03-31 12:30:00-04:00,160.52000427246094,160.52000427246094,160.05999755859375,160.35499572753906,24639,0.0,0.0,0.0
2022-03-31 13:30:00-04:00,160.4969024658203,160.67999267578125,160.09210205078125,160.15719604492188,14602,0.0,0.0,0.0
2022-03-31 14:30:00-04:00,160.27000427246094,160.9600067138672,160.05999755859375,160.11000061035156,24380,0.0,0.0,0.0
2022-03-31 15:30:00-04:00,160.22999572753906,160.24000549316406,158.72999572753906,158.8300018310547,46179,0.0,0.0,0.0
2022-04-01 09:30:00-04:00,159.10000610351562,159.3800048828125,158.1699981689453,158.61000061035156,32806,0.0,0.0,0.0
2022-04-01 10:30:00-04:00,158.66000366210938,159.27000427246094,158.5800018310547,158.64999389648438,31083,0.0,0.0,0.0
2022-04-01 11:30:00-04:00,158.55999755859375,158.55999755859375,157.7899932861328,158.08999633789062,24212,0.0,0.0,0.0
2022-04-01 12:30:00-04:00,158.14999389648438,158.14999389648438,157.6649932861328,157.8759002685547,24080,0.0,0.0,0.0
2022-04-01 13:30:00-04:00,157.8000030517578,158.52000427246094,157.8000030517578,158.5,20884,0.0,0.0,0.0
2022-04-01 14:30:00-04:00,158.6300048828125,158.83380126953125,157.91000366210938,158.10000610351562,29548,0.0,0.0,0.0
2022-04-01 15:30:00-04:00,158.11000061035156,159.07000732421875,157.80999755859375,158.9199981689453,25080,0.0,0.0,0.0
2022-04-04 09:30:00-04:00,159.25,161.02000427246094,159.1199951171875,160.75999450683594,47174,0.0,0.0,0.0
2022-04-04 10:30:00-04:00,160.72999572753906,161.36500549316406,160.63999938964844,161.30929565429688,51498,0.0,0.0,0.0
2022-04-04 11:30:00-04:00,161.36000061035156,161.55999755859375,161.2100067138672,161.55999755859375,14677,0.0,0.0,0.0
2022-04-04 12:30:00-04:00,161.63999938964844,161.6699981689453,161.22000122070312,161.4199981689453,24111,0.0,0.0,0.0
2022-04-04 13:30:00-04:00,161.41000366210938,161.58999633789062,161.11000061035156,161.49929809570312,24626,0.0,0.0,0.0
2022-04-04 14:30:00-04:00,161.50999450683594,161.74000549316406,161.44000244140625,161.70860290527344,206918,0.0,0.0,0.0
2022-04-04 15:30:00-04:00,161.69000244140625,162.02000427246094,161.55999755859375,162.0,35187,0.0,0.0,0.0
2022-04-05 09:30:00-04:00,161.27000427246094,161.5800018310547,159.99000549316406,160.13999938964844,48458,0.0,0.0,0.0
2022-04-05 10:30:00-04:00,160.24000549316406,160.47000122070312,159.75999450683594,160.0399932861328,63261,0.0,0.0,0.0
2022-04-05 11:30:00-04:00,159.97000122070312,160.11500549316406,159.14210510253906,159.2100067138672,14117,0.0,0.0,0.0
2022-04-05 12:30:00-04:00,159.1999969482422,160.10000610351562,159.19000244140625,159.9600067138672,36815,0.0,0.0,0.0
2022-04-05 13:30:00-04:00,159.77999877929688,159.77999877929688,159.13999938964844,159.4250030517578,480885,0.0,0.0,0.0
2022-04-05 14:30:00-04:00,159.41000366210938,159.58999633789062,158.7050018310547,158.8509063720703,21869,0.0,0.0,0.0
2022-04-05 15:30:00-04:00,158.72000122070312,158.97999572753906,158.4600067138672,158.9499969482422,63166,0.0,0.0,0.0
2022-04-06 09:30:00-04:00,156.6199951171875,156.86000061035156,154.8000030517578,154.99000549316406,47817,0.0,0.0,0.0
2022-04-06 10:30:00-04:00,155.14999389648438,155.41000366210938,154.64999389648438,154.964599609375,36539,0.0,0.0,0.0
2022-04-06 11:30:00-04:00,154.85740661621094,155.3699951171875,154.47000122070312,154.52000427246094,197347,0.0,0.0,0.0
2022-04-06 12:30:00-04:00,154.5,154.85499572753906,154.35000610351562,154.85000610351562,165945,0.0,0.0,0.0
2022-04-06 13:30:00-04:00,154.9237060546875,156.4199981689453,154.19000244140625,154.49000549316406,57830,0.0,0.0,0.0
2022-04-06 14:30:00-04:00,154.55999755859375,156.6699981689453,154.55999755859375,155.16000366210938,45822,0.0,0.0,0.0
2022-04-06 15:30:00-04:00,155.11000061035156,156.11000061035156,154.94000244140625,155.2899932861328,29201,0.0,0.0,0.0
2022-04-07 09:30:00-04:00,154.88999938964844,156.22000122070312,154.8699951171875,155.6999969482422,30190,0.0,0.0,0.0
2022-04-07 10:30:00-04:00,155.67999267578125,155.85000610351562,154.5500030517578,154.5500030517578,83558,0.0,0.0,0.0
2022-04-07 11:30:00-04:00,154.63999938964844,154.64999389648438,154.02499389648438,154.22999572753906,66408,0.0,0.0,0.0
2022-04-07 12:30:00-04:00,154.25,155.19000244140625,153.67999267578125,155.19000244140625,30558,0.0,0.0,0.0
2022-04-07 13:30:00-04:00,155.10000610351562,155.77000427246094,154.69000244140625,155.3000030517578,23297,0.0,0.0,0.0
2022-04-07 14:30:00-04:00,155.25999450683594,156.74000549316406,155.17999267578125,156.22000122070312,167706,0.0,0.0,0.0
2022-04-07 15:30:00-04:00,156.2100067138672,156.77999877929688,155.75999450683594,155.85000610351562,32289,0.0,0.0,0.0
2022-04-08 09:30:00-04:00,155.24000549316406,155.24000549316406,153.8300018310547,154.72999572753906,19955,0.0,0.0,0.0
2022-04-08 10:30:00-04:00,154.6999969482422,155.55999755859375,154.22000122070312,155.0399932861328,70469,0.0,0.0,0.0
2022-04-08 11:30:00-04:00,155.1199951171875,155.63999938964844,154.75999450683594,155.6199951171875,40796,0.0,0.0,0.0
2022-04-08 12:30:00-04:00,155.44000244140625,155.50999450683594,154.927001953125,155.0,17819,0.0,0.0,0.0
2022-04-08 13:30:00-04:00,154.95050048828125,154.95050048828125,154.25999450683594,154.25999450683594,28949,0.0,0.0,0.0
2022-04-08 14:30:00-04:00,154.2899932861328,154.89999389648438,154.2052001953125,154.6300048828125,86565,0.0,0.0,0.0
2022-04-08 15:30:00-04:00,154.7100067138672,154.74000549316406,153.83999633789062,154.1199951171875,31593,0.0,0.0,0.0
2022-04-11 09:30:00-04:00,152.3300018310547,152.38999938964844,150.97000122070312,151.0500030517578,94219,0.0,0.0,0.0
2022-04-11 10:30:00-04:00,151.0500030517578,151.35000610351562,150.63999938964844,150.8000946044922,102490,0.0,0.0,0.0
2022-04-11 11:30:00-04:00,150.8300018310547,151.25999450683594,150.8300018310547,150.8699951171875,15589,0.0,0.0,0.0
2022-04-11 12:30:00-04:00,150.8699951171875,151.60000610351562,150.86000061035156,151.1699981689453,14850,0.0,0.0,0.0
2022-04-11 13:30:00-04:00,151.33999633789062,151.49000549316406,150.94000244140625,151.0281982421875,21258,0.0,0.0,0.0
2022-04-11 14:30:00-04:00,150.9600067138672,151.60000610351562,150.77000427246094,150.77000427246094,50587,0.0,0.0,0.0
2022-04-11 15:30:00-04:00,150.76220703125,150.76220703125,150.1699981689453,150.33999633789062,25671,0.0,0.0,0.0
2022-04-12 09:30:00-04:00,152.32000732421875,153.07000732421875,151.4499969482422,152.3000030517578,310159,0.0,0.0,0.0
2022-04-12 10:30:00-04:00,152.3300018310547,152.33999633789062,151.27999877929688,152.1199951171875,139156,0.0,0.0,0.0
2022-04-12 11:30:00-04:00,152.19000244140625,152.3596954345703,151.0500030517578,151.14999389648438,24848,0.0,0.0,0.0
2022-04-12 12:30:00-04:00,151.13999938964844,151.63999938964844,150.9600067138672,151.24000549316406,62176,0.0,0.0,0.0
2022-04-12 13:30:00-04:00,151.02999877929688,151.2100067138672,149.64999389648438,149.64999389648438,53722,0.0,0.0,0.0
2022-04-12 14:30:00-04:00,149.6300048828125,150.07000732421875,149.17999267578125,149.2899932861328,46885,0.0,0.0,0.0
2022-04-12 15:30:00-04:00,149.22000122070312,150.0800018310547,149.22000122070312,149.77999877929688,19771,0.0,0.0,0.0
2022-04-13 09:30:00-04:00,149.74000549316406,150.9199981689453,149.35000610351562,150.69000244140625,49775,0.0,0.0,0.0
2022-04-13 10:30:00-04:00,150.72000122070312,151.63999938964844,150.39999389648438,151.47999572753906,33787,0.0,0.0,0.0
2022-04-13 11:30:00-04:00,151.52999877929688,151.7899932861328,151.2899932861328,151.64320373535156,33613,0.0,0.0,0.0
2022-04-13 12:30:00-04:00,151.63999938964844,152.05999755859375,151.63999938964844,151.875,219717,0.0,0.0,0.0
2022-04-13 13:30:00-04:00,151.80039978027344,151.83999633789062,151.39999389648438,151.78990173339844,13943,0.0,0.0,0.0
2022-04-13 14:30:00-04:00,151.77000427246094,152.4698944091797,151.77000427246094,152.4698944091797,19052,0.0,0.0,0.0
2022-04-13 15:30:00-04:00,152.477294921875,152.6199951171875,152.1300048828125,152.22999572753906,17612,0.0,0.0,0.0
2022-04-14 09:30:00-04:00,152.2899932861328,152.41000366210938,150.47999572753906,150.8000030517578,56606,0.0,0.0,0.0
2022-04-14 10:30:00-04:00,150.82000732421875,151.17999267578125,150.4600067138672,151.12899780273438,43162,0.0,0.0,0.0
2022-04-14 11:30:00-04:00,151.11000061035156,151.11000061035156,150.2100067138672,150.22500610351562,92413,0.0,0.0,0.0
2022-04-14 12:30:00-04:00,150.1999969482422,150.28689575195312,149.9499969482422,150.13999938964844,64022,0.0,0.0,0.0
2022-04-14 13:30:00-04:00,150.14999389648438,150.83999633789062,150.1300048828125,150.42999267578125,48191,0.0,0.0,0.0
2022-04-14 14:30:00-04:00,150.42379760742188,150.49000549316406,149.66000366210938,149.75,90153,0.0,0.0,0.0
2022-04-14 15:30:00-04:00,149.6699981689453,149.6999969482422,149.1199951171875,149.13999938964844,20557,0.0,0.0,0.0
2022-04-18 09:30:00-04:00,148.77000427246094,150.2100067138672,148.66000366210938,150.08999633789062,31116,0.0,0.0,0.0
2022-04-18 10:30:00-04:00,149.9600067138672,150.08999633789062,148.82000732421875,148.94500732421875,18221,0.0,0.0,0.0
2022-04-18 11:30:00-04:00,148.9199981689453,148.9499969482422,148.17999267578125,148.19000244140625,285191,0.0,0.0,0.0
2022-04-18 12:30:00-04:00,148.1199951171875,148.75,148.08999633789062,148.69110107421875,15934,0.0,0.0,0.0
2022-04-18 13:30:00-04:00,148.83779907226562,150.02999877929688,148.83779907226562,149.7187042236328,59484,0.0,0.0,0.0
2022-04-18 14:30:00-04:00,149.75,149.97000122070312,149.05760192871094,149.05999755859375,64188,0.0,0.0,0.0
2022-04-18 15:30:00-04:00,148.97000122070312,149.3300018310547,148.36000061035156,149.3300018310547,39332,0.0,0.0,0.0
2022-04-19 09:30:00-04:00,149.05999755859375,151.1699981689453,148.70199584960938,151.0500030517578,38515,0.0,0.0,0.0
2022-04-19 10:30:00-04:00,151.08999633789062,151.889892578125,151.0800018310547,151.75999450683594,69086,0.0,0.0,0.0
2022-04-19 11:30:00-04:00,151.8883056640625,152.1300048828125,151.67999267578125,151.67999267578125,20995,0.0,0.0,0.0
2022-04-19 12:30:00-04:00,151.72860717773438,151.81500244140625,151.3800048828125,151.3800048828125,12647,0.0,0.0,0.0
2022-04-19 13:30:00-04:00,151.41000366210938,151.81869506835938,151.22000122070312,151.42999267578125,53537,0.0,0.0,0.0
2022-04-19 14:30:00-04:00,151.4499969482422,152.5,151.3699951171875,152.38999938964844,35818,0.0,0.0,0.0
2022-04-19 15:30:00-04:00,152.4199981689453,152.6300048828125,152.0399932861328,152.32000732421875,223664,0.0,0.0,0.0
2022-04-20 09:30:00-04:00,152.9600067138672,153.0,151.06199645996094,151.64999389648438,33490,0.0,0.0,0.0
2022-04-20 10:30:00-04:00,151.44000244140625,152.10000610351562,151.02999877929688,151.16000366210938,155984,0.0,0.0,0.0
2022-04-20 11:30:00-04:00,151.235107421875,151.5500030517578,150.6300048828125,150.75999450683594,20389,0.0,0.0,0.0
2022-04-20 12:30:00-04:00,150.75999450683594,151.63999938964844,150.75999450683594,151.41000366210938,40598,0.0,0.0,0.0
2022-04-20 13:30:00-04:00,151.3800048828125,151.83999633789062,150.99000549316406,151.02999877929688,27174,0.0,0.0,0.0
2022-04-20 14:30:00-04:00,150.92999267578125,151.17999267578125,150.27999877929688,150.94009399414062,36070,0.0,0.0,0.0
2022-04-20 15:30:00-04:00,151.05999755859375,151.4550018310547,150.6199951171875,150.77000427246094,37183,0.0,0.0,0.0
2022-04-21 09:30:00-04:00,152.52000427246094,153.67999267578125,152.10000610351562,152.68719482421875,63610,0.0,0.0,0.0
2022-04-21 10:30:00-04:00,152.76919555664062,152.76950073242188,151.64759826660156,151.84959411621094,58228,0.0,0.0,0.0
2022-04-21 11:30:00-04:00,151.7100067138672,151.7100067138672,150.41000366210938,150.52000427246094,15774,0.0,0.0,0.0
2022-04-21 12:30:00-04:00,150.4199981689453,150.74000549316406,149.5800018310547,150.38999938964844,43908,0.0,0.0,0.0
2022-04-21 13:30:00-04:00,150.44000244140625,150.49000549316406,148.8302001953125,149.07000732421875,29363,0.0,0.0,0.0
2022-04-21 14:30:00-04:00,148.9199981689453,149.49000549316406,147.97999572753906,148.61000061035156,57779,0.0,0.0,0.0
2022-04-21 15:30:00-04:00,148.55999755859375,148.5800018310547,147.72999572753906,148.07000732421875,62431,0.0,0.0,0.0
2022-04-22 09:30:00-04:00,148.0800018310547,148.5,146.3800048828125,146.3800048828125,54318,0.0,0.0,0.0
2022-04-22 10:30:00-04:00,146.42999267578125,147.10000610351562,146.3300018310547,146.67999267578125,129579,0.0,0.0,0.0
2022-04-22 11:30:00-04:00,146.67999267578125,146.7899932861328,145.38999938964844,145.6992950439453,58732,0.0,0.0,0.0
2022-04-22 12:30:00-04:00,145.63999938964844,146.0500030517578,145.11839294433594,145.27999877929688,33774,0.0,0.0,0.0
2022-04-22 13:30:00-04:00,145.2100067138672,145.2899932861328,144.5800018310547,144.83999633789062,26162,0.0,0.0,0.0
2022-04-22 14:30:00-04:00,144.8690948486328,145.07000732421875,144.08999633789062,144.74000549316406,65980,0.0,0.0,0.0
2022-04-22 15:30:00-04:00,144.75999450683594,145.50999450683594,143.67999267578125,143.92999267578125,84768,0.0,0.0,0.0
2022-04-25 09:30:00-04:00,143.1199951171875,143.97999572753906,142.44000244140625,143.9199981689453,54072,0.0,0.0,0.0
2022-04-25 10:30:00-04:00,143.99000549316406,144.6199951171875,142.6699981689453,143.0,53468,0.0,0.0,0.0
2022-04-25 11:30:00-04:00,143.10000610351562,143.6699981689453,142.38009643554688,143.38999938964844,34485,0.0,0.0,0.0
2022-04-25 12:30:00-04:00,143.36000061035156,144.0,143.0500030517578,143.75120544433594,73111,0.0,0.0,0.0
2022-04-25 13:30:00-04:00,144.02000427246094,144.589599609375,143.27000427246094,144.589599609375,29923,0.0,0.0,0.0
2022-04-25 14:30:00-04:00,144.49000549316406,145.02999877929688,143.74000549316406,144.9199981689453,52257,0.0,0.0,0.0
2022-04-25 15:30:00-04:00,144.92999267578125,145.6999969482422,144.88999938964844,145.63999938964844,44602,0.0,0.0,0.0
2022-04-26 09:30:00-04:00,144.66000366210938,144.6999969482422,141.9499969482422,142.17999267578125,59470,0.0,0.0,0.0
2022-04-26 10:30:00-04:00,142.22000122070312,142.39999389648438,141.14999389648438,141.47999572753906,71875,0.0,0.0,0.0
2022-04-26 11:30:00-04:00,141.52000427246094,142.17999267578125,140.99000549316406,142.1699981689453,41307,0.0,0.0,0.0
2022-04-26 12:30:00-04:00,142.1699981689453,142.24000549316406,141.0399932861328,141.11500549316406,62693,0.0,0.0,0.0
2022-04-26 13:30:00-04:00,141.13999938964844,141.85000610351562,141.0399932861328,141.77000427246094,28232,0.0,0.0,0.0
2022-04-26 14:30:00-04:00,141.7100067138672,142.14999389648438,140.66000366210938,140.85000610351562,44074,0.0,0.0,0.0
2022-04-26 15:30:00-04:00,140.7899932861328,140.94000244140625,140.0800018310547,140.0800018310547,44903,0.0,0.0,0.0
2022-04-27 09:30:00-04:00,140.74000549316406,143.02000427246094,140.0,140.3699951171875,76550,0.0,0.0,0.0
2022-04-27 10:30:00-04:00,140.27999877929688,142.1699981689453,139.96499633789062,142.0,174375,0.0,0.0,0.0
2022-04-27 11:30:00-04:00,142.0,143.02999877929688,141.22000122070312,142.97999572753906,110004,0.0,0.0,0.0
2022-04-27 12:30:00-04:00,143.02999877929688,143.17999267578125,141.75,142.50999450683594,183510,0.0,0.0,0.0
2022-04-27 13:30:00-04:00,142.52999877929688,142.63999938964844,141.8300018310547,141.89999389648438,72658,0.0,0.0,0.0
2022-04-27 14:30:00-04:00,141.86000061035156,142.33999633789062,140.58999633789062,140.8800048828125,63011,0.0,0.0,0.0
2022-04-27 15:30:00-04:00,140.91000366210938,141.2100067138672,140.38999938964844,140.7100067138672,419290,0.0,0.0,0.0
2022-04-28 09:30:00-04:00,143.1300048828125,143.89999389648438,141.77999877929688,141.8800048828125,45842,0.0,0.0,0.0
2022-04-28 10:30:00-04:00,141.77000427246094,143.22999572753906,141.55999755859375,142.92999267578125,43045,0.0,0.0,0.0
2022-04-28 11:30:00-04:00,142.8800048828125,143.6199951171875,142.2913055419922,143.6199951171875,12007,0.0,0.0,0.0
2022-04-28 12:30:00-04:00,143.67999267578125,145.4600067138672,143.67999267578125,145.38999938964844,36955,0.0,0.0,0.0
2022-04-28 13:30:00-04:00,145.3800048828125,145.74000549316406,145.3000030517578,145.64999389648438,45232,0.0,0.0,0.0
2022-04-28 14:30:00-04:00,145.73919677734375,146.57000732421875,145.60000610351562,146.13999938964844,64758,0.0,0.0,0.0
2022-04-28 15:30:00-04:00,146.11000061035156,146.1300048828125,145.25999450683594,145.7899932861328,24336,0.0,0.0,0.0
2022-04-29 09:30:00-04:00,143.5,144.74000549316406,142.80999755859375,142.8813934326172,38651,0.0,0.0,0.0
2022-04-29 10:30:00-04:00,143.0,143.02999877929688,142.2967987060547,142.60000610351562,38675,0.0,0.0,0.0
2022-04-29 11:30:00-04:00,142.77000427246094,143.0500030517578,141.74139404296875,142.0500030517578,30486,0.0,0.0,0.0
2022-04-29 12:30:00-04:00,141.74000549316406,141.92919921875,141.2100067138672,141.69000244140625,30903,0.0,0.0,0.0
2022-04-29 13:30:00-04:00,141.89999389648438,141.97999572753906,140.72000122070312,140.8300018310547,11265,0.0,0.0,0.0
2022-04-29 14:30:00-04:00,140.72000122070312,140.91000366210938,139.8800048828125,140.02000427246094,50111,0.0,0.0,0.0
2022-04-29 15:30:00-04:00,139.9199981689453,140.25999450683594,138.88999938964844,139.17999267578125,97996,0.0,0.0,0.0
2022-05-02 09:30:00-04:00,138.8000030517578,140.1699981689453,137.74000549316406,140.11000061035156,108271,0.0,0.0,0.0
2022-05-02 10:30:00-04:00,140.08999633789062,140.74000549316406,138.5500030517578,138.77000427246094,130884,0.0,0.0,0.0
2022-05-02 11:30:00-04:00,138.77999877929688,139.6699981689453,138.4199981689453,139.22999572753906,79136,0.0,0.0,0.0
2022-05-02 12:30:00-04:00,139.2899932861328,139.5500030517578,137.99000549316406,138.11000061035156,111143,0.0,0.0,0.0
2022-05-02 13:30:00-04:00,138.08999633789062,138.41000366210938,137.27000427246094,137.42999267578125,126681,0.0,0.0,0.0
2022-05-02 14:30:00-04:00,137.5,140.0,137.05999755859375,139.63009643554688,117424,0.0,0.0,0.0
2022-05-02 15:30:00-04:00,139.93499755859375,141.02000427246094,139.72000122070312,140.9499969482422,46228,0.0,0.0,0.0
2022-05-03 09:30:00-04:00,140.8699951171875,141.47000122070312,139.88999938964844,140.66000366210938,71550,0.0,0.0,0.0
2022-05-03 10:30:00-04:00,140.82000732421875,141.58999633789062,139.8699951171875,141.33999633789062,87768,0.0,0.0,0.0
2022-05-03 11:30:00-04:00,141.36000061035156,141.66000366210938,140.47669982910156,140.72999572753906,53374,0.0,0.0,0.0
2022-05-03 12:30:00-04:00,140.6999969482422,141.74000549316406,140.57000732421875,141.36000061035156,64865,0.0,0.0,0.0
2022-05-03 13:30:00-04:00,141.39999389648438,141.8350067138672,140.35000610351562,140.38999938964844,71311,0.0,0.0,0.0
2022-05-03 14:30:00-04:00,140.4499969482422,141.4499969482422,140.0399932861328,140.8800048828125,103455,0.0,0.0,0.0
2022-05-03 15:30:00-04:00,141.0800018310547,141.13999938964844,140.33999633789062,141.02000427246094,67031,0.0,0.0,0.0
2022-05-04 09:30:00-04:00,141.27999877929688,141.28990173339844,139.55999755859375,139.8000030517578,37843,0.0,0.0,0.0
2022-05-04 10:30:00-04:00,139.7100067138672,139.97000122070312,139.1999969482422,139.39999389648438,99483,0.0,0.0,0.0
2022-05-04 11:30:00-04:00,139.42999267578125,140.91000366210938,139.1699981689453,140.88999938964844,77823,0.0,0.0,0.0
2022-05-04 12:30:00-04:00,140.94520568847656,141.57000732421875,140.77000427246094,141.22999572753906,63539,0.0,0.0,0.0
2022-05-04 13:30:00-04:00,141.14999389648438,142.3000030517578,140.47000122070312,141.60000610351562,38838,0.0,0.0,0.0
2022-05-04 14:30:00-04:00,141.67999267578125,144.97000122070312,139.69000244140625,144.97000122070312,165626,0.0,0.0,0.0
2022-05-04 15:30:00-04:00,145.02999877929688,146.02000427246094,145.02999877929688,145.8300018310547,60187,0.0,0.0,0.0
2022-05-05 09:30:00-04:00,143.6999969482422,143.82000732421875,140.3300018310547,140.47999572753906,60266,0.0,0.0,0.0
2022-05-05 10:30:00-04:00,140.47000122070312,140.49000549316406,138.935302734375,139.41000366210938,122256,0.0,0.0,0.0
2022-05-05 11:30:00-04:00,139.36000061035156,140.10000610351562,138.14999389648438,139.19000244140625,106725,0.0,0.0,0.0
2022-05-05 12:30:00-04:00,139.14999389648438,139.7949981689453,138.4600067138672,139.14999389648438,51162,0.0,0.0,0.0
2022-05-05 13:30:00-04:00,139.0399932861328,139.52000427246094,138.0,138.0,46464,0.0,0.0,0.0
2022-05-05 14:30:00-04:00,138.0399932861328,138.82000732421875,137.24000549316406,137.33999633789062,64595,0.0,0.0,0.0
2022-05-05 15:30:00-04:00,137.16000366210938,138.89999389648438,137.08999633789062,138.89999389648438,86398,0.0,0.0,0.0
2022-05-06 09:30:00-04:00,137.6699981689453,138.44000244140625,135.3300018310547,137.3699951171875,72430,0.0,0.0,0.0
2022-05-06 10:30:00-04:00,137.22999572753906,139.5,136.55999755859375,139.14999389648438,105932,0.0,0.0,0.0
2022-05-06 11:30:00-04:00,139.1999969482422,139.22999572753906,137.42999267578125,138.3800048828125,94226,0.0,0.0,0.0
2022-05-06 12:30:00-04:00,138.389892578125,139.14999389648438,137.85000610351562,138.1199951171875,183913,0.0,0.0,0.0
2022-05-06 13:30:00-04:00,138.36000061035156,138.4600067138672,136.74000549316406,137.00999450683594,31634,0.0,0.0,0.0
2022-05-06 14:30:00-04:00,136.64999389648438,137.39999389648438,136.0399932861328,136.57000732421875,232043,0.0,0.0,0.0
2022-05-06 15:30:00-04:00,136.5399932861328,138.02000427246094,136.5399932861328,137.47000122070312,265107,0.0,0.0,0.0
2022-05-09 09:30:00-04:00,135.02999877929688,135.6300048828125,133.7899932861328,133.8000030517578,77661,0.0,0.0,0.0
2022-05-09 10:30:00-04:00,133.72999572753906,134.02999877929688,132.97999572753906,133.10000610351562,81291,0.0,0.0,0.0
2022-05-09 11:30:00-04:00,133.1199951171875,134.5500030517578,132.77999877929688,134.22999572753906,106155,0.0,0.0,0.0
2022-05-09 12:30:00-04:00,134.1049041748047,134.4499969482422,133.10000610351562,133.63429260253906,113921,0.0,0.0,0.0
2022-05-09 13:30:00-04:00,133.69000244140625,133.72999572753906,132.7100067138672,132.80999755859375,67339,0.0,0.0,0.0
2022-05-09 14:30:00-04:00,132.77000427246094,133.75999450683594,132.49000549316406,132.59500122070312,114976,0.0,0.0,0.0
2022-05-09 15:30:00-04:00,132.69000244140625,132.6999969482422,131.6300048828125,132.27999877929688,85234,0.0,0.0,0.0
2022-05-10 09:30:00-04:00,135.1199951171875,135.67999267578125,133.65150451660156,134.25,57997,0.0,0.0,0.0
2022-05-10 10:30:00-04:00,134.3000030517578,134.42999267578125,131.72999572753906,132.27999877929688,109107,0.0,0.0,0.0
2022-05-10 11:30:00-04:00,132.3300018310547,133.13499450683594,131.86000061035156,132.25999450683594,76891,0.0,0.0,0.0
2022-05-10 12:30:00-04:00,132.4199981689453,133.35000610351562,131.82000732421875,133.3000030517578,90242,0.0,0.0,0.0
2022-05-10 13:30:00-04:00,133.36000061035156,135.11500549316406,133.35000610351562,134.14999389648438,83750,0.0,0.0,0.0
2022-05-10 14:30:00-04:00,134.25999450683594,134.9499969482422,133.67999267578125,133.6999969482422,91145,0.0,0.0,0.0
2022-05-10 15:30:00-04:00,133.72999572753906,133.75999450683594,133.07000732421875,133.33999633789062,114565,0.0,0.0,0.0
2022-05-11 09:30:00-04:00,132.39999389648438,134.5399932861328,131.4600067138672,133.7342987060547,0,0.0,0.0,0.0
2022-05-11 10:30:00-04:00,133.6999969482422,133.97999572753906,132.1199951171875,133.07000732421875,82343,0.0,0.0,0.0
2022-05-11 11:30:00-04:00,133.0500030517578,133.77999877929688,131.9199981689453,131.97999572753906,38358,0.0,0.0,0.0
2022-05-11 12:30:00-04:00,131.8800048828125,132.19000244140625,130.61000061035156,130.64999389648438,227528,0.0,0.0,0.0
2022-05-11 13:30:00-04:00,130.60000610351562,131.02999877929688,129.6699981689453,130.52999877929688,74192,0.0,0.0,0.0
2022-05-11 14:30:00-04:00,130.39999389648438,131.18809509277344,129.66000366210938,129.92999267578125,72937,0.0,0.0,0.0
2022-05-11 15:30:00-04:00,130.0399932861328,130.11000061035156,129.13999938964844,129.39999389648438,47897,0.0,0.0,0.0
2022-05-12 09:30:00-04:00,127.7699966430664,129.85150146484375,126.58000183105469,129.22999572753906,117332,0.0,0.0,0.0
2022-05-12 10:30:00-04:00,129.49000549316406,130.99000549316406,128.6999969482422,130.02000427246094,68378,0.0,0.0,0.0
2022-05-12 11:30:00-04:00,129.97000122070312,130.10000610351562,127.56999969482422,128.41000366210938,69305,0.0,0.0,0.0
2022-05-12 12:30:00-04:00,128.4600067138672,129.14390563964844,127.66000366210938,127.87000274658203,41924,0.0,0.0,0.0
2022-05-12 13:30:00-04:00,127.80999755859375,128.0399932861328,126.4000015258789,126.86219787597656,166961,0.0,0.0,0.0
2022-05-12 14:30:00-04:00,126.73999786376953,128.33999633789062,126.15260314941406,127.52999877929688,231413,0.0,0.0,0.0
2022-05-12 15:30:00-04:00,127.62000274658203,129.07000732421875,127.62000274658203,129.07000732421875,83381,0.0,0.0,0.0
2022-05-13 09:30:00-04:00,130.88999938964844,132.9199981689453,130.08999633789062,132.9199981689453,46416,0.0,0.0,0.0
2022-05-13 10:30:00-04:00,132.66000366210938,133.0800018310547,132.27999877929688,132.97999572753906,39206,0.0,0.0,0.0
2022-05-13 11:30:00-04:00,133.0500030517578,133.77999877929688,132.8000030517578,133.4398956298828,29490,0.0,0.0,0.0
2022-05-13 12:30:00-04:00,133.49000549316406,133.718505859375,132.85000610351562,133.02000427246094,94624,0.0,0.0,0.0
2022-05-13 13:30:00-04:00,133.05999755859375,133.0800018310547,131.5399932861328,131.82000732421875,51758,0.0,0.0,0.0
2022-05-13 14:30:00-04:00,132.0,133.5749969482422,131.8800048828125,133.5749969482422,59562,0.0,0.0,0.0
2022-05-13 15:30:00-04:00,133.57000732421875,133.65989685058594,132.52000427246094,133.22999572753906,45673,0.0,0.0,0.0
2022-05-16 09:30:00-04:00,132.52000427246094,133.0399932861328,131.35000610351562,133.0399932861328,34060,0.0,0.0,0.0
2022-05-16 10:30:00-04:00,132.86000061035156,132.86000061035156,131.3300018310547,131.72999572753906,44596,0.0,0.0,0.0
2022-05-16 11:30:00-04:00,131.77000427246094,132.8300018310547,131.3699951171875,132.22500610351562,24150,0.0,0.0,0.0
2022-05-16 12:30:00-04:00,132.27000427246094,132.75999450683594,131.75999450683594,132.75999450683594,62468,0.0,0.0,0.0
2022-05-16 13:30:00-04:00,132.83999633789062,133.4149932861328,132.6199951171875,133.4149932861328,38063,0.0,0.0,0.0
2022-05-16 14:30:00-04:00,133.422607421875,133.58999633789062,132.19000244140625,132.32980346679688,48786,0.0,0.0,0.0
2022-05-16 15:30:00-04:00,132.32000732421875,132.41000366210938,131.61000061035156,131.97999572753906,39594,0.0,0.0,0.0
2022-05-17 09:30:00-04:00,134.5500030517578,134.7899932861328,133.44000244140625,133.44000244140625,39689,0.0,0.0,0.0
2022-05-17 10:30:00-04:00,133.47999572753906,133.72000122070312,132.6999969482422,133.66000366210938,91052,0.0,0.0,0.0
2022-05-17 11:30:00-04:00,133.7899932861328,134.19000244140625,133.57000732421875,134.13999938964844,41476,0.0,0.0,0.0
2022-05-17 12:30:00-04:00,134.02000427246094,134.4499969482422,133.72000122070312,134.27999877929688,49601,0.0,0.0,0.0
2022-05-17 13:30:00-04:00,134.3000030517578,134.72999572753906,133.1999969482422,133.63999938964844,57851,0.0,0.0,0.0
2022-05-17 14:30:00-04:00,133.52999877929688,135.22999572753906,133.27999877929688,135.0749969482422,103575,0.0,0.0,0.0
2022-05-17 15:30:00-04:00,135.10000610351562,135.24000549316406,134.61000061035156,135.19000244140625,35943,0.0,0.0,0.0
2022-05-18 09:30:00-04:00,133.00999450683594,133.25,132.22000122070312,132.42999267578125,22775,0.0,0.0,0.0
2022-05-18 10:30:00-04:00,132.1999969482422,132.3249969482422,130.6999969482422,130.6999969482422,60540,0.0,0.0,0.0
2022-05-18 11:30:00-04:00,130.6999969482422,131.14959716796875,130.0,130.00999450683594,66153,0.0,0.0,0.0
2022-05-18 12:30:00-04:00,129.9499969482422,130.67999267578125,129.4499969482422,129.55999755859375,48208,0.0,0.0,0.0
2022-05-18 13:30:00-04:00,129.4600067138672,129.78990173339844,128.88999938964844,129.2371063232422,32350,0.0,0.0,0.0
2022-05-18 14:30:00-04:00,129.24000549316406,129.25,128.30999755859375,128.35499572753906,30950,0.0,0.0,0.0
2022-05-18 15:30:00-04:00,128.35350036621094,129.0,128.22000122070312,128.6699981689453,46795,0.0,0.0,0.0
2022-05-19 09:30:00-04:00,127.73999786376953,129.2100067138672,127.33999633789062,128.00039672851562,68585,0.0,0.0,0.0
2022-05-19 10:30:00-04:00,128.1999969482422,128.8699951171875,127.80999755859375,128.36000061035156,35654,0.0,0.0,0.0
2022-05-19 11:30:00-04:00,128.5,129.76499938964844,128.5,128.99000549316406,82126,0.0,0.0,0.0
2022-05-19 12:30:00-04:00,129.0800018310547,129.0800018310547,127.63500213623047,127.94999694824219,1810012,0.0,0.0,0.0
2022-05-19 13:30:00-04:00,128.1999969482422,128.89999389648438,127.54000091552734,128.39999389648438,54531,0.0,0.0,0.0
2022-05-19 14:30:00-04:00,128.36000061035156,129.52999877929688,127.94000244140625,127.94000244140625,55365,0.0,0.0,0.0
2022-05-19 15:30:00-04:00,128.0579071044922,128.41000366210938,127.66000366210938,127.79000091552734,26726,0.0,0.0,0.0
2022-05-20 09:30:00-04:00,129.17999267578125,129.4739990234375,127.77999877929688,128.4600067138672,35806,0.0,0.0,0.0
2022-05-20 10:30:00-04:00,128.38999938964844,128.4499969482422,126.08999633789062,126.5199966430664,36669,0.0,0.0,0.0
2022-05-20 11:30:00-04:00,126.54000091552734,126.80999755859375,125.26000213623047,125.37000274658203,57441,0.0,0.0,0.0
2022-05-20 12:30:00-04:00,125.33999633789062,125.54000091552734,123.86000061035156,123.86000061035156,77815,0.0,0.0,0.0
2022-05-20 13:30:00-04:00,123.81999969482422,125.20999908447266,123.80999755859375,124.44000244140625,67782,0.0,0.0,0.0
2022-05-20 14:30:00-04:00,124.5199966430664,125.56999969482422,124.08999633789062,125.56999969482422,182228,0.0,0.0,0.0
2022-05-20 15:30:00-04:00,125.38999938964844,127.44999694824219,125.38999938964844,127.3499984741211,68927,0.0,0.0,0.0
2022-05-23 09:30:00-04:00,128.02000427246094,128.88999938964844,127.12000274658203,128.13999938964844,55566,0.0,0.0,0.0
2022-05-23 10:30:00-04:00,128.1199951171875,129.13999938964844,127.9800033569336,129.02000427246094,57893,0.0,0.0,0.0
2022-05-23 11:30:00-04:00,129.02999877929688,129.91000366210938,129.0,129.77999877929688,44623,0.0,0.0,0.0
2022-05-23 12:30:00-04:00,129.5,129.6699981689453,128.60000610351562,128.9199981689453,35099,0.0,0.0,0.0
2022-05-23 13:30:00-04:00,128.8699951171875,129.81199645996094,128.7946014404297,129.49000549316406,113050,0.0,0.0,0.0
2022-05-23 14:30:00-04:00,129.49000549316406,129.9781036376953,129.22000122070312,129.25999450683594,65126,0.0,0.0,0.0
2022-05-23 15:30:00-04:00,129.36000061035156,129.93499755859375,129.1300048828125,129.85000610351562,35015,0.0,0.0,0.0
2022-05-24 09:30:00-04:00,127.62999725341797,127.91999816894531,125.1500015258789,125.91000366210938,50537,0.0,0.0,0.0
2022-05-24 10:30:00-04:00,125.83000183105469,126.13999938964844,125.33000183105469,126.04000091552734,92383,0.0,0.0,0.0
2022-05-24 11:30:00-04:00,126.06999969482422,127.55989837646484,125.75,126.77999877929688,42623,0.0,0.0,0.0
2022-05-24 12:30:00-04:00,126.86799621582031,126.86799621582031,125.95999908447266,126.25,45208,0.0,0.0,0.0
2022-05-24 13:30:00-04:00,126.26000213623047,127.48999786376953,126.08000183105469,127.00810241699219,40470,0.0,0.0,0.0
2022-05-24 14:30:00-04:00,126.84529876708984,127.26000213623047,126.16000366210938,126.87999725341797,212234,0.0,0.0,0.0
2022-05-24 15:30:00-04:00,127.0199966430664,128.00999450683594,127.01000213623047,127.47000122070312,78854,0.0,0.0,0.0
2022-05-25 09:30:00-04:00,126.62000274658203,128.57000732421875,126.62000274658203,128.57000732421875,38450,0.0,0.0,0.0
2022-05-25 10:30:00-04:00,128.67999267578125,128.92999267578125,128.0500030517578,128.3498992919922,81266,0.0,0.0,0.0
2022-05-25 11:30:00-04:00,128.33999633789062,128.36990356445312,127.62000274658203,127.62000274658203,34059,0.0,0.0,0.0
2022-05-25 12:30:00-04:00,127.91000366210938,128.0500030517578,127.4800033569336,128.02000427246094,52442,0.0,0.0,0.0
2022-05-25 13:30:00-04:00,127.99859619140625,129.1199951171875,127.33999633789062,128.9499969482422,34753,0.0,0.0,0.0
2022-05-25 14:30:00-04:00,129.22000122070312,130.02000427246094,128.906005859375,129.62969970703125,66678,0.0,0.0,0.0
2022-05-25 15:30:00-04:00,129.61000061035156,129.75,128.66000366210938,129.14999389648438,26019,0.0,0.0,0.0
2022-05-26 09:30:00-04:00,129.0500030517578,131.39999389648438,128.80999755859375,131.10000610351562,33487,0.0,0.0,0.0
2022-05-26 10:30:00-04:00,131.10000610351562,131.99000549316406,130.9600067138672,131.74000549316406,57480,0.0,0.0,0.0
2022-05-26 11:30:00-04:00,131.72999572753906,132.72999572753906,131.5399932861328,132.72999572753906,22225,0.0,0.0,0.0
2022-05-26 12:30:00-04:00,132.74000549316406,133.08999633789062,132.52999877929688,132.5399932861328,35334,0.0,0.0,0.0
2022-05-26 13:30:00-04:00,132.6999969482422,132.99000549316406,132.5800018310547,132.83999633789062,30259,0.0,0.0,0.0
2022-05-26 14:30:00-04:00,132.82000732421875,132.82000732421875,132.0800018310547,132.3000030517578,32100,0.0,0.0,0.0
2022-05-26 15:30:00-04:00,132.2100067138672,133.05999755859375,132.17999267578125,132.52000427246094,29981,0.0,0.0,0.0
2022-05-27 09:30:00-04:00,133.7899932861328,135.69000244140625,133.7899932861328,135.52000427246094,53879,0.0,0.0,0.0
2022-05-27 10:30:00-04:00,135.52999877929688,135.8000030517578,134.8699951171875,135.47000122070312,63570,0.0,0.0,0.0
2022-05-27 11:30:00-04:00,135.47000122070312,135.9521026611328,135.4600067138672,135.63999938964844,62514,0.0,0.0,0.0
2022-05-27 12:30:00-04:00,135.58999633789062,135.83999633789062,135.4199981689453,135.6501007080078,28168,0.0,0.0,0.0
2022-05-27 13:30:00-04:00,135.7899932861328,135.8249969482422,135.52000427246094,135.74000549316406,14168,0.0,0.0,0.0
2022-05-27 14:30:00-04:00,135.77000427246094,136.49000549316406,135.75,136.44000244140625,35973,0.0,0.0,0.0
2022-05-27 15:30:00-04:00,136.44000244140625,136.75999450683594,136.10000610351562,136.72999572753906,29630,0.0,0.0,0.0
2022-05-31 09:30:00-04:00,136.52999877929688,136.58999633789062,134.80999755859375,135.77000427246094,41384,0.0,0.0,0.0
2022-05-31 10:30:00-04:00,135.6999969482422,136.5009002685547,135.6300048828125,135.8000030517578,101728,0.0,0.0,0.0
2022-05-31 11:30:00-04:00,135.72999572753906,137.3699951171875,135.5399932861328,136.97000122070312,29403,0.0,0.0,0.0
2022-05-31 12:30:00-04:00,136.9324951171875,137.47999572753906,136.5800018310547,136.6300048828125,32991,0.0,0.0,0.0
2022-05-31 13:30:00-04:00,136.61000061035156,137.64999389648438,136.61000061035156,137.3300018310547,31043,0.0,0.0,0.0
2022-05-31 14:30:00-04:00,137.25,137.38999938964844,136.0399932861328,137.07000732421875,52688,0.0,0.0,0.0
2022-05-31 15:30:00-04:00,137.10000610351562,137.39999389648438,136.3000030517578,136.3000030517578,44870,0.0,0.0,0.0
2022-06-01 09:30:00-04:00,137.39999389648438,138.1999969482422,136.08999633789062,136.08999633789062,69721,0.0,0.0,0.0
2022-06-01 10:30:00-04:00,135.97999572753906,136.49000549316406,135.24000549316406,135.44000244140625,66070,0.0,0.0,0.0
2022-06-01 11:30:00-04:00,135.5,135.60000610351562,134.693603515625,134.89999389648438,36388,0.0,0.0,0.0
2022-06-01 12:30:00-04:00,135.02999877929688,135.44000244140625,134.60000610351562,135.1999969482422,37807,0.0,0.0,0.0
2022-06-01 13:30:00-04:00,135.0500030517578,136.41000366210938,135.0500030517578,136.41000366210938,67763,0.0,0.0,0.0
2022-06-01 14:30:00-04:00,136.36000061035156,136.5,135.80999755859375,136.2899932861328,39513,0.0,0.0,0.0
2022-06-01 15:30:00-04:00,136.07000732421875,136.39999389648438,135.35000610351562,135.36000061035156,37520,0.0,0.0,0.0
2022-06-02 09:30:00-04:00,134.75999450683594,136.14999389648438,134.33999633789062,134.97999572753906,73489,0.0,0.0,0.0
2022-06-02 10:30:00-04:00,135.1300048828125,136.6999969482422,135.10000610351562,136.54879760742188,53582,0.0,0.0,0.0
2022-06-02 11:30:00-04:00,136.55999755859375,137.5,136.25,137.5,21864,0.0,0.0,0.0
2022-06-02 12:30:00-04:00,137.5500030517578,137.97999572753906,137.5500030517578,137.8843994140625,30645,0.0,0.0,0.0
2022-06-02 13:30:00-04:00,137.92999267578125,138.5,137.92999267578125,138.36000061035156,26189,0.0,0.0,0.0
2022-06-02 14:30:00-04:00,138.36000061035156,138.5323944091797,138.07000732421875,138.4600067138672,20536,0.0,0.0,0.0
2022-06-02 15:30:00-04:00,138.2899932861328,139.02999877929688,138.25999450683594,138.9600067138672,139143,0.0,0.0,0.0
2022-06-03 09:30:00-04:00,136.5399932861328,137.24000549316406,136.02999877929688,136.3300018310547,74488,0.0,0.0,0.0
2022-06-03 10:30:00-04:00,136.3300018310547,136.44000244140625,135.0500030517578,135.05999755859375,24938,0.0,0.0,0.0
2022-06-03 11:30:00-04:00,135.1999969482422,135.7899932861328,135.19000244140625,135.64999389648438,28697,0.0,0.0,0.0
2022-06-03 12:30:00-04:00,135.6649932861328,136.5,135.61000061035156,135.78660583496094,18189,0.0,0.0,0.0
2022-06-03 13:30:00-04:00,135.60000610351562,136.07000732421875,135.3699951171875,136.07000732421875,98516,0.0,0.0,0.0
2022-06-03 14:30:00-04:00,136.05999755859375,136.05999755859375,135.1699981689453,135.3699951171875,24550,0.0,0.0,0.0
2022-06-03 15:30:00-04:00,135.42999267578125,135.7100067138672,135.25999450683594,135.50999450683594,21344,0.0,0.0,0.0
2022-06-06 09:30:00-04:00,137.38999938964844,138.1699981689453,136.91000366210938,138.07000732421875,30390,0.0,0.0,0.0
2022-06-06 10:30:00-04:00,138.07069396972656,138.3000030517578,136.5500030517578,136.8000030517578,37088,0.0,0.0,0.0
2022-06-06 11:30:00-04:00,136.85000610351562,137.07000732421875,135.80039978027344,135.8699951171875,15595,0.0,0.0,0.0
2022-06-06 12:30:00-04:00,135.6414031982422,136.30999755859375,135.63499450683594,136.0800018310547,24875,0.0,0.0,0.0
2022-06-06 13:30:00-04:00,136.22000122070312,136.9499969482422,135.98199462890625,135.98199462890625,16535,0.0,0.0,0.0
2022-06-06 14:30:00-04:00,136.02999877929688,136.22999572753906,135.5399932861328,135.75999450683594,78307,0.0,0.0,0.0
2022-06-06 15:30:00-04:00,135.75,136.2899932861328,135.49000549316406,136.2100067138672,42213,0.0,0.0,0.0
2022-06-07 09:30:00-04:00,134.52000427246094,135.97830200195312,134.14999389648438,135.91000366210938,32053,0.0,0.0,0.0
2022-06-07 10:30:00-04:00,135.8699951171875,136.9499969482422,135.85000610351562,135.875,39960,0.0,0.0,0.0
2022-06-07 11:30:00-04:00,135.8300018310547,136.13999938964844,135.66000366210938,135.83999633789062,24096,0.0,0.0,0.0
2022-06-07 12:30:00-04:00,135.63999938964844,136.5500030517578,135.63999938964844,136.52000427246094,23136,0.0,0.0,0.0
2022-06-07 13:30:00-04:00,136.57989501953125,137.00999450683594,136.37930297851562,136.93739318847656,19300,0.0,0.0,0.0
2022-06-07 14:30:00-04:00,136.9199981689453,137.07000732421875,136.4499969482422,136.97000122070312,72119,0.0,0.0,0.0
2022-06-07 15:30:00-04:00,137.02999877929688,137.47000122070312,137.02999877929688,137.1999969482422,22804,0.0,0.0,0.0
2022-06-08 09:30:00-04:00,136.80999755859375,137.8000030517578,136.47000122070312,137.38999938964844,25994,0.0,0.0,0.0
2022-06-08 10:30:00-04:00,137.5,137.74000549316406,136.94000244140625,137.6199951171875,22503,0.0,0.0,0.0
2022-06-08 11:30:00-04:00,137.69830322265625,137.69830322265625,136.77999877929688,136.97999572753906,59877,0.0,0.0,0.0
2022-06-08 12:30:00-04:00,136.97999572753906,136.97999572753906,136.17999267578125,136.33999633789062,37694,0.0,0.0,0.0
2022-06-08 13:30:00-04:00,136.27999877929688,136.53500366210938,135.9199981689453,135.9499969482422,27621,0.0,0.0,0.0
2022-06-08 14:30:00-04:00,136.1999969482422,136.47000122070312,135.8800048828125,136.47000122070312,17404,0.0,0.0,0.0
2022-06-08 15:30:00-04:00,136.47109985351562,136.6177978515625,135.99000549316406,136.1199951171875,48863,0.0,0.0,0.0
2022-06-09 09:30:00-04:00,135.3000030517578,136.4600067138672,134.97000122070312,136.1199951171875,50945,0.0,0.0,0.0
2022-06-09 10:30:00-04:00,136.3000030517578,136.39100646972656,135.19009399414062,135.52999877929688,31410,0.0,0.0,0.0
2022-06-09 11:30:00-04:00,135.52999877929688,135.99000549316406,135.1699981689453,135.57919311523438,19552,0.0,0.0,0.0
2022-06-09 12:30:00-04:00,135.6699981689453,135.99000549316406,135.36099243164062,135.36099243164062,14911,0.0,0.0,0.0
2022-06-09 13:30:00-04:00,135.25,135.38999938964844,134.75999450683594,135.0,18228,0.0,0.0,0.0
2022-06-09 14:30:00-04:00,134.8300018310547,134.91000366210938,133.44000244140625,133.44000244140625,31223,0.0,0.0,0.0
2022-06-09 15:30:00-04:00,133.4091033935547,133.4199981689453,132.3699951171875,132.3699951171875,20883,0.0,0.0,0.0
2022-06-10 09:30:00-04:00,129.97000122070312,130.1999969482422,127.70999908447266,127.87000274658203,57415,0.0,0.0,0.0
2022-06-10 10:30:00-04:00,127.86000061035156,128.4600067138672,127.59500122070312,127.63999938964844,53138,0.0,0.0,0.0
2022-06-10 11:30:00-04:00,127.70999908447266,128.14500427246094,127.4800033569336,127.86000061035156,24405,0.0,0.0,0.0
2022-06-10 12:30:00-04:00,127.91999816894531,128.0800018310547,127.61000061035156,128.05999755859375,36949,0.0,0.0,0.0
2022-06-10 13:30:00-04:00,128.05999755859375,128.65780639648438,127.75,128.16000366210938,58164,0.0,0.0,0.0
2022-06-10 14:30:00-04:00,128.16000366210938,128.92999267578125,128.07000732421875,128.75,57585,0.0,0.0,0.0
2022-06-10 15:30:00-04:00,128.6999969482422,128.8300018310547,127.44999694824219,127.44999694824219,64358,0.0,0.0,0.0
2022-06-13 09:30:00-04:00,123.58999633789062,124.5,122.83679962158203,122.9666976928711,120064,0.0,0.0,0.0
2022-06-13 10:30:00-04:00,122.97000122070312,123.33999633789062,122.23999786376953,122.94999694824219,52985,0.0,0.0,0.0
2022-06-13 11:30:00-04:00,122.9800033569336,123.70999908447266,122.80999755859375,123.58999633789062,79353,0.0,0.0,0.0
2022-06-13 12:30:00-04:00,123.5,124.41000366210938,122.87999725341797,122.87999725341797,46559,0.0,0.0,0.0
2022-06-13 13:30:00-04:00,123.01909637451172,123.7699966430664,122.8772964477539,123.0999984741211,27957,0.0,0.0,0.0
2022-06-13 14:30:00-04:00,122.9000015258789,123.36000061035156,121.9800033569336,122.0,184302,0.0,0.0,0.0
2022-06-13 15:30:00-04:00,121.95999908447266,122.2300033569336,121.54000091552734,121.97000122070312,86927,0.0,0.0,0.0
2022-06-14 09:30:00-04:00,122.73999786376953,122.88999938964844,121.52999877929688,121.63999938964844,58367,0.0,0.0,0.0
2022-06-14 10:30:00-04:00,121.38999938964844,122.41000366210938,121.33000183105469,121.86000061035156,110773,0.0,0.0,0.0
2022-06-14 11:30:00-04:00,121.80000305175781,122.43000030517578,121.63999938964844,121.94000244140625,30543,0.0,0.0,0.0
2022-06-14 12:30:00-04:00,121.97000122070312,123.12010192871094,121.62000274658203,122.66619873046875,53396,0.0,0.0,0.0
2022-06-14 13:30:00-04:00,122.58999633789062,122.66580200195312,121.86000061035156,122.25,86992,0.0,0.0,0.0
2022-06-14 14:30:00-04:00,122.08999633789062,122.29000091552734,121.02120208740234,121.72789764404297,46304,0.0,0.0,0.0
2022-06-14 15:30:00-04:00,121.7300033569336,122.61000061035156,121.7300033569336,122.06999969482422,59048,0.0,0.0,0.0
2022-06-15 09:30:00-04:00,123.51000213623047,124.38999938964844,123.33000183105469,123.9800033569336,39021,0.0,0.0,0.0
2022-06-15 10:30:00-04:00,123.87000274658203,123.87999725341797,123.33000183105469,123.71859741210938,28882,0.0,0.0,0.0
2022-06-15 11:30:00-04:00,123.69000244140625,124.31999969482422,123.58000183105469,124.19000244140625,36086,0.0,0.0,0.0
2022-06-15 12:30:00-04:00,124.22000122070312,124.30000305175781,123.44000244140625,124.05000305175781,33543,0.0,0.0,0.0
2022-06-15 13:30:00-04:00,124.04000091552734,124.98999786376953,122.63999938964844,123.26000213623047,52676,0.0,0.0,0.0
2022-06-15 14:30:00-04:00,123.25,126.0999984741211,122.33000183105469,126.05999755859375,184726,0.0,0.0,0.0
2022-06-15 15:30:00-04:00,126.04000091552734,126.62000274658203,124.69000244140625,125.01000213623047,50715,0.0,0.0,0.0
2022-06-16 09:30:00-04:00,121.70999908447266,121.87999725341797,120.69000244140625,121.15959930419922,60362,0.0,0.0,0.0
2022-06-16 10:30:00-04:00,121.0470962524414,121.05349731445312,119.93000030517578,120.79000091552734,48065,0.0,0.0,0.0
2022-06-16 11:30:00-04:00,120.58999633789062,120.75,120.06999969482422,120.55000305175781,40889,0.0,0.0,0.0
2022-06-16 12:30:00-04:00,120.52999877929688,120.94000244140625,120.18000030517578,120.7699966430664,64407,0.0,0.0,0.0
2022-06-16 13:30:00-04:00,120.75,120.8499984741211,119.5,119.5,47494,0.0,0.0,0.0
2022-06-16 14:30:00-04:00,119.4800033569336,120.31999969482422,119.11000061035156,120.18000030517578,81288,0.0,0.0,0.0
2022-06-16 15:30:00-04:00,120.11000061035156,120.31999969482422,119.41999816894531,120.31999969482422,84878,0.0,0.0,0.0
2022-06-17 09:30:00-04:00,120.2300033569336,121.94499969482422,120.02999877929688,120.45999908447266,89636,0.0,0.0,0.0
2022-06-17 10:30:00-04:00,120.58180236816406,121.55999755859375,119.68000030517578,121.4800033569336,121123,0.0,0.0,0.0
2022-06-17 11:30:00-04:00,121.51000213623047,121.7300033569336,120.60009765625,121.12999725341797,41555,0.0,0.0,0.0
2022-06-17 12:30:00-04:00,121.12000274658203,122.5199966430664,121.0199966430664,121.98999786376953,113859,0.0,0.0,0.0
2022-06-17 13:30:00-04:00,122.12249755859375,122.29000091552734,121.66000366210938,122.05999755859375,35271,0.0,0.0,0.0
2022-06-17 14:30:00-04:00,122.05000305175781,122.37000274658203,121.18000030517578,121.94999694824219,119209,0.0,0.0,0.0
2022-06-17 15:30:00-04:00,121.80000305175781,121.97000122070312,121.30000305175781,121.30000305175781,41677,0.0,0.0,0.0
2022-06-21 09:30:00-04:00,123.43000030517578,125.29000091552734,123.30999755859375,125.0,159739,0.0,0.0,0.0
2022-06-21 10:30:00-04:00,125.13790130615234,125.38999938964844,124.98999786376953,125.05000305175781,40194,0.0,0.0,0.0
2022-06-21 11:30:00-04:00,125.12999725341797,125.16000366210938,124.50499725341797,124.69000244140625,24557,0.0,0.0,0.0
2022-06-21 12:30:00-04:00,124.62999725341797,125.01000213623047,124.5999984741211,124.70999908447266,42943,0.0,0.0,0.0
2022-06-21 13:30:00-04:00,124.75,124.91000366210938,124.44000244140625,124.5999984741211,21697,0.0,0.0,0.0
2022-06-21 14:30:00-04:00,124.62000274658203,125.02999877929688,124.41999816894531,124.79000091552734,56640,0.0,0.0,0.0
2022-06-21 15:30:00-04:00,124.76499938964844,124.8499984741211,124.33000183105469,124.41000366210938,28718,0.0,0.0,0.0
2022-06-22 09:30:00-04:00,123.23999786376953,125.80000305175781,123.00599670410156,125.75,93458,0.0,0.0,0.0
2022-06-22 10:30:00-04:00,125.69999694824219,126.12000274658203,125.18000030517578,125.48500061035156,100962,0.0,0.0,0.0
2022-06-22 11:30:00-04:00,125.51000213623047,125.87000274658203,124.38999938964844,124.95999908447266,48214,0.0,0.0,0.0
2022-06-22 12:30:00-04:00,124.91999816894531,125.54000091552734,124.91999816894531,125.45999908447266,44456,0.0,0.0,0.0
2022-06-22 13:30:00-04:00,125.44999694824219,126.01000213623047,125.26000213623047,125.48999786376953,61338,0.0,0.0,0.0
2022-06-22 14:30:00-04:00,125.58000183105469,125.6500015258789,124.7699966430664,124.81999969482422,60093,0.0,0.0,0.0
2022-06-22 15:30:00-04:00,124.77999877929688,124.86000061035156,124.19999694824219,124.30999755859375,32329,0.0,0.0,0.0
2022-06-23 09:30:00-04:00,125.36000061035156,125.5999984741211,124.3499984741211,125.25,66420,0.0,0.0,0.0
2022-06-23 10:30:00-04:00,125.37999725341797,126.18000030517578,125.11399841308594,125.94000244140625,101770,0.0,0.0,0.0
2022-06-23 11:30:00-04:00,125.95999908447266,126.05000305175781,124.80999755859375,125.16000366210938,59749,0.0,0.0,0.0
2022-06-23 12:30:00-04:00,125.12999725341797,125.1500015258789,124.3499984741211,124.62000274658203,83446,0.0,0.0,0.0
2022-06-23 13:30:00-04:00,124.6500015258789,125.3499984741211,124.51000213623047,125.33000183105469,75863,0.0,0.0,0.0
2022-06-23 14:30:00-04:00,125.41000366210938,125.94000244140625,125.4000015258789,125.88999938964844,48450,0.0,0.0,0.0
2022-06-23 15:30:00-04:00,125.9000015258789,126.58000183105469,125.88999938964844,126.3499984741211,42012,0.0,0.0,0.0
2022-06-24 09:30:00-04:00,127.5199966430664,130.05999755859375,127.5199966430664,129.74000549316406,61459,0.0,0.0,0.0
2022-06-24 10:30:00-04:00,129.77000427246094,129.8300018310547,129.10000610351562,129.42999267578125,76677,0.0,0.0,0.0
2022-06-24 11:30:00-04:00,129.4499969482422,129.68499755859375,129.27000427246094,129.52000427246094,26242,0.0,0.0,0.0
2022-06-24 12:30:00-04:00,129.5399932861328,129.7100067138672,129.37139892578125,129.5800018310547,23558,0.0,0.0,0.0
2022-06-24 13:30:00-04:00,129.5800018310547,129.6999969482422,129.39999389648438,129.67909240722656,21280,0.0,0.0,0.0
2022-06-24 14:30:00-04:00,129.74000549316406,129.91000366210938,129.66000366210938,129.8800048828125,18461,0.0,0.0,0.0
2022-06-24 15:30:00-04:00,129.8800048828125,131.0,129.75,131.0,44871,0.0,0.0,0.0
2022-06-27 09:30:00-04:00,131.4199981689453,131.58999633789062,129.85000610351562,130.34840393066406,41780,0.0,0.0,0.0
2022-06-27 10:30:00-04:00,130.1699981689453,131.1300048828125,130.1699981689453,130.9600067138672,29157,0.0,0.0,0.0
2022-06-27 11:30:00-04:00,130.85000610351562,131.02999877929688,130.22999572753906,130.29299926757812,24641,0.0,0.0,0.0
2022-06-27 12:30:00-04:00,130.1999969482422,130.55999755859375,130.12669372558594,130.35000610351562,41301,0.0,0.0,0.0
2022-06-27 13:30:00-04:00,130.3300018310547,130.3300018310547,129.8699951171875,130.0312957763672,22931,0.0,0.0,0.0
2022-06-27 14:30:00-04:00,130.0,130.2899932861328,129.58999633789062,130.01280212402344,46449,0.0,0.0,0.0
2022-06-27 15:30:00-04:00,130.00999450683594,130.19000244140625,129.50999450683594,130.00999450683594,119326,0.0,0.0,0.0
2022-06-28 09:30:00-04:00,130.25999450683594,131.3300018310547,129.5,129.60479736328125,36896,0.0,0.0,0.0
2022-06-28 10:30:00-04:00,129.5399932861328,129.58999633789062,128.1300048828125,128.1300048828125,62271,0.0,0.0,0.0
2022-06-28 11:30:00-04:00,128.11000061035156,128.2899932861328,127.20999908447266,127.5199966430664,33179,0.0,0.0,0.0
2022-06-28 12:30:00-04:00,127.5199966430664,127.8499984741211,126.98999786376953,127.30999755859375,30374,0.0,0.0,0.0
2022-06-28 13:30:00-04:00,127.12000274658203,127.36000061035156,126.68000030517578,126.75,40926,0.0,0.0,0.0
2022-06-28 14:30:00-04:00,126.73999786376953,126.75499725341797,126.2699966430664,126.58999633789062,33000,0.0,0.0,0.0
2022-06-28 15:30:00-04:00,126.54000091552734,126.70999908447266,126.19999694824219,126.31999969482422,178078,0.0,0.0,0.0
2022-06-29 09:30:00-04:00,126.2300033569336,127.2300033569336,125.5,126.76000213623047,40255,0.0,0.0,0.0
2022-06-29 10:30:00-04:00,126.84870147705078,127.37519836425781,126.30999755859375,126.68000030517578,98668,0.0,0.0,0.0
2022-06-29 11:30:00-04:00,126.55999755859375,127.06999969482422,125.9800033569336,126.05999755859375,41802,0.0,0.0,0.0
2022-06-29 12:30:00-04:00,125.9800033569336,126.5999984741211,125.9800033569336,126.45439910888672,57186,0.0,0.0,0.0
2022-06-29 13:30:00-04:00,126.31829833984375,127.13999938964844,126.27999877929688,126.9800033569336,27632,0.0,0.0,0.0
2022-06-29 14:30:00-04:00,126.87000274658203,127.04000091552734,126.36000061035156,127.04000091552734,72638,0.0,0.0,0.0
2022-06-29 15:30:00-04:00,127.02999877929688,127.02999877929688,126.3499984741211,126.62999725341797,31663,0.0,0.0,0.0
2022-06-30 09:30:00-04:00,125.23999786376953,125.51119995117188,123.29000091552734,123.54000091552734,69151,0.0,0.0,0.0
2022-06-30 10:30:00-04:00,123.58000183105469,125.56999969482422,123.58000183105469,125.44000244140625,55224,0.0,0.0,0.0
2022-06-30 11:30:00-04:00,125.2300033569336,126.23999786376953,125.05999755859375,126.16739654541016,33473,0.0,0.0,0.0
2022-06-30 12:30:00-04:00,126.44000244140625,126.45999908447266,125.41999816894531,125.81999969482422,33737,0.0,0.0,0.0
2022-06-30 13:30:00-04:00,125.86129760742188,126.37999725341797,125.54000091552734,125.7699966430664,45893,0.0,0.0,0.0
2022-06-30 14:30:00-04:00,125.80999755859375,125.83999633789062,124.48049926757812,125.29000091552734,40714,0.0,0.0,0.0
2022-06-30 15:30:00-04:00,125.30000305175781,125.83999633789062,124.6500015258789,125.37999725341797,52116,0.0,0.0,0.0
2022-07-01 09:30:00-04:00,124.79000091552734,126.1500015258789,124.3499984741211,124.56999969482422,60578,0.0,0.0,0.0
2022-07-01 10:30:00-04:00,124.31999969482422,125.25,124.02999877929688,124.7300033569336,75907,0.0,0.0,0.0
2022-07-01 11:30:00-04:00,124.80000305175781,125.1500015258789,124.29000091552734,124.91000366210938,19435,0.0,0.0,0.0
2022-07-01 12:30:00-04:00,124.94000244140625,125.00499725341797,124.39009857177734,124.77999877929688,30798,0.0,0.0,0.0
2022-07-01 13:30:00-04:00,124.80000305175781,125.62999725341797,124.80000305175781,125.62999725341797,44942,0.0,0.0,0.0
2022-07-01 14:30:00-04:00,125.55999755859375,126.11000061035156,125.55999755859375,125.94000244140625,27088,0.0,0.0,0.0
2022-07-01 15:30:00-04:00,125.99500274658203,126.41000366210938,125.99500274658203,126.27999877929688,29527,0.0,0.0,0.0
2022-07-05 09:30:00-04:00,124.55000305175781,125.0,124.06999969482422,124.8499984741211,56955,0.0,0.0,0.0
2022-07-05 10:30:00-04:00,124.83000183105469,125.69000244140625,124.48999786376953,124.75,54661,0.0,0.0,0.0
2022-07-05 11:30:00-04:00,124.7300033569336,126.16500091552734,124.66999816894531,126.01000213623047,28917,0.0,0.0,0.0
2022-07-05 12:30:00-04:00,126.08999633789062,126.36489868164062,125.51010131835938,126.36000061035156,13436,0.0,0.0,0.0
2022-07-05 13:30:00-04:00,126.3499984741211,126.97000122070312,126.25,126.91000366210938,33785,0.0,0.0,0.0
2022-07-05 14:30:00-04:00,126.95999908447266,127.75,126.95999908447266,127.68000030517578,59884,0.0,0.0,0.0
2022-07-05 15:30:00-04:00,127.69000244140625,127.9000015258789,127.51000213623047,127.9000015258789,34102,0.0,0.0,0.0
2022-07-06 09:30:00-04:00,127.94999694824219,128.77999877929688,127.55000305175781,128.35000610351562,54195,0.0,0.0,0.0
2022-07-06 10:30:00-04:00,128.19000244140625,128.47000122070312,127.77999877929688,127.77999877929688,36238,0.0,0.0,0.0
2022-07-06 11:30:00-04:00,127.7699966430664,127.91999816894531,127.37999725341797,127.81999969482422,141765,0.0,0.0,0.0
2022-07-06 12:30:00-04:00,127.81999969482422,128.2899932861328,127.72000122070312,128.16000366210938,49447,0.0,0.0,0.0
2022-07-06 13:30:00-04:00,128.14999389648438,128.80999755859375,127.80999755859375,128.69000244140625,203868,0.0,0.0,0.0
2022-07-06 14:30:00-04:00,128.75,129.5500030517578,128.57000732421875,129.47000122070312,77328,0.0,0.0,0.0
2022-07-06 15:30:00-04:00,129.47000122070312,129.6300048828125,128.34640502929688,128.67999267578125,52341,0.0,0.0,0.0
2022-07-07 09:30:00-04:00,129.1699981689453,130.13999938964844,129.0749969482422,129.98500061035156,20438,0.0,0.0,0.0
2022-07-07 10:30:00-04:00,130.05999755859375,130.4199981689453,129.88999938964844,130.0850067138672,62713,0.0,0.0,0.0
2022-07-07 11:30:00-04:00,130.0399932861328,130.55499267578125,130.02000427246094,130.55499267578125,11449,0.0,0.0,0.0
2022-07-07 12:30:00-04:00,130.5500030517578,130.69630432128906,130.4449005126953,130.4600067138672,31685,0.0,0.0,0.0
2022-07-07 13:30:00-04:00,130.39999389648438,131.02499389648438,130.39999389648438,131.02499389648438,19537,0.0,0.0,0.0
2022-07-07 14:30:00-04:00,130.9647979736328,131.27999877929688,130.78269958496094,131.02000427246094,40594,0.0,0.0,0.0
2022-07-07 15:30:00-04:00,131.02999877929688,131.1699981689453,130.8800048828125,131.0500030517578,50475,0.0,0.0,0.0
2022-07-08 09:30:00-04:00,129.8699951171875,131.02999877929688,129.64999389648438,130.9499969482422,24832,0.0,0.0,0.0
2022-07-08 10:30:00-04:00,130.9600067138672,131.67999267578125,130.82000732421875,131.66000366210938,52446,0.0,0.0,0.0
2022-07-08 11:30:00-04:00,131.6199951171875,131.67999267578125,130.6300048828125,130.6300048828125,24746,0.0,0.0,0.0
2022-07-08 12:30:00-04:00,130.61000061035156,130.88999938964844,130.1627960205078,130.83999633789062,33147,0.0,0.0,0.0
2022-07-08 13:30:00-04:00,131.0,131.3699951171875,130.86000061035156,131.32000732421875,18024,0.0,0.0,0.0
2022-07-08 14:30:00-04:00,131.35000610351562,131.55999755859375,131.22000122070312,131.22000122070312,34810,0.0,0.0,0.0
2022-07-08 15:30:00-04:00,131.15609741210938,131.38999938964844,131.08999633789062,131.13999938964844,31319,0.0,0.0,0.0
2022-07-11 09:30:00-04:00,130.17999267578125,130.25999450683594,128.75999450683594,129.10000610351562,42669,0.0,0.0,0.0
2022-07-11 10:30:00-04:00,129.35000610351562,129.77000427246094,129.22000122070312,129.5500030517578,23813,0.0,0.0,0.0
2022-07-11 11:30:00-04:00,129.50999450683594,129.66000366210938,129.19000244140625,129.375,13399,0.0,0.0,0.0
2022-07-11 12:30:00-04:00,129.39010620117188,129.91419982910156,129.3699951171875,129.88999938964844,19996,0.0,0.0,0.0
2022-07-11 13:30:00-04:00,129.92999267578125,130.19000244140625,129.5930938720703,129.6199951171875,32530,0.0,0.0,0.0
2022-07-11 14:30:00-04:00,129.5399932861328,129.67999267578125,128.97999572753906,129.1300048828125,85939,0.0,0.0,0.0
2022-07-11 15:30:00-04:00,129.14999389648438,129.2281036376953,128.77000427246094,129.02000427246094,19406,0.0,0.0,0.0
2022-07-12 09:30:00-04:00,129.2899932861328,130.0500030517578,128.02999877929688,128.15499877929688,51209,0.0,0.0,0.0
2022-07-12 10:30:00-04:00,128.25999450683594,128.9499969482422,128.2100067138672,128.9199981689453,44028,0.0,0.0,0.0
2022-07-12 11:30:00-04:00,129.00999450683594,129.07000732421875,128.4600067138672,128.7100067138672,11849,0.0,0.0,0.0
2022-07-12 12:30:00-04:00,128.77000427246094,129.06919860839844,128.50999450683594,128.60499572753906,24218,0.0,0.0,0.0
2022-07-12 13:30:00-04:00,128.6280975341797,128.82000732421875,128.41000366210938,128.44000244140625,49784,0.0,0.0,0.0
2022-07-12 14:30:00-04:00,128.50999450683594,128.50999450683594,127.13999938964844,127.19999694824219,55945,0.0,0.0,0.0
2022-07-12 15:30:00-04:00,127.16000366210938,127.56999969482422,126.7699966430664,127.4800033569336,45198,0.0,0.0,0.0
2022-07-13 09:30:00-04:00,125.52999877929688,126.63999938964844,124.9000015258789,126.20500183105469,82834,0.0,0.0,0.0
2022-07-13 10:30:00-04:00,126.1500015258789,127.8499984741211,126.05999755859375,127.11000061035156,58865,0.0,0.0,0.0
2022-07-13 11:30:00-04:00,127.23999786376953,127.46990203857422,126.7699966430664,127.3499984741211,25953,0.0,0.0,0.0
2022-07-13 12:30:00-04:00,127.3499984741211,128.14999389648438,127.32499694824219,127.62000274658203,36750,0.0,0.0,0.0
2022-07-13 13:30:00-04:00,127.66999816894531,127.81999969482422,126.9800033569336,127.55000305175781,26350,0.0,0.0,0.0
2022-07-13 14:30:00-04:00,127.52999877929688,127.9000015258789,127.37000274658203,127.45089721679688,42449,0.0,0.0,0.0
2022-07-13 15:30:00-04:00,127.5,127.51000213623047,127.02999877929688,127.12999725341797,31699,0.0,0.0,0.0
2022-07-14 09:30:00-04:00,125.80000305175781,125.87999725341797,124.61000061035156,124.94999694824219,22286,0.0,0.0,0.0
2022-07-14 10:30:00-04:00,124.7699966430664,126.16000366210938,124.7699966430664,126.08000183105469,44655,0.0,0.0,0.0
2022-07-14 11:30:00-04:00,126.11000061035156,126.7300033569336,125.83999633789062,126.0969009399414,31393,0.0,0.0,0.0
2022-07-14 12:30:00-04:00,126.28610229492188,126.4000015258789,125.79000091552734,126.33000183105469,23384,0.0,0.0,0.0
2022-07-14 13:30:00-04:00,126.58000183105469,127.55500030517578,126.41999816894531,127.55500030517578,31822,0.0,0.0,0.0
2022-07-14 14:30:00-04:00,127.48999786376953,127.80999755859375,127.29000091552734,127.79000091552734,114256,0.0,0.0,0.0
2022-07-14 15:30:00-04:00,127.87000274658203,127.87000274658203,127.27999877929688,127.5199966430664,25888,0.0,0.0,0.0
2022-07-15 09:30:00-04:00,129.07000732421875,129.79730224609375,128.57000732421875,129.74000549316406,39521,0.0,0.0,0.0
2022-07-15 10:30:00-04:00,129.74000549316406,129.85000610351562,129.1699981689453,129.8000030517578,23027,0.0,0.0,0.0
2022-07-15 11:30:00-04:00,129.625,129.72999572753906,129.13999938964844,129.2899932861328,23297,0.0,0.0,0.0
2022-07-15 12:30:00-04:00,129.3000030517578,129.50999450683594,129.08999633789062,129.50999450683594,34385,0.0,0.0,0.0
2022-07-15 13:30:00-04:00,129.55999755859375,129.60000610351562,129.2100067138672,129.3000030517578,21902,0.0,0.0,0.0
2022-07-15 14:30:00-04:00,129.42999267578125,129.52999877929688,129.2899932861328,129.3300018310547,11752,0.0,0.0,0.0
2022-07-15 15:30:00-04:00,129.3300018310547,129.76539611816406,129.16000366210938,129.66000366210938,88247,0.0,0.0,0.0
2022-07-18 09:30:00-04:00,130.89999389648438,131.25,130.64999389648438,130.75999450683594,68487,0.0,0.0,0.0
2022-07-18 10:30:00-04:00,130.77699279785156,130.92999267578125,130.5,130.83999633789062,23664,0.0,0.0,0.0
2022-07-18 11:30:00-04:00,130.7899932861328,131.16000366210938,130.72999572753906,130.9499969482422,33737,0.0,0.0,0.0
2022-07-18 12:30:00-04:00,131.02000427246094,131.0449981689453,130.38999938964844,130.58999633789062,34904,0.0,0.0,0.0
2022-07-18 13:30:00-04:00,130.5904998779297,130.5904998779297,129.11000061035156,129.13999938964844,38334,0.0,0.0,0.0
2022-07-18 14:30:00-04:00,129.16000366210938,129.39779663085938,128.61000061035156,128.61000061035156,33714,0.0,0.0,0.0
2022-07-18 15:30:00-04:00,128.52499389648438,128.52499389648438,127.91999816894531,128.35000610351562,32251,0.0,0.0,0.0
2022-07-19 09:30:00-04:00,129.7899932861328,130.07000732421875,129.0,130.07000732421875,50641,0.0,0.0,0.0
2022-07-19 10:30:00-04:00,130.11000061035156,130.80499267578125,129.9600067138672,130.72999572753906,38646,0.0,0.0,0.0
2022-07-19 11:30:00-04:00,130.75999450683594,130.97999572753906,130.5500030517578,130.94000244140625,27767,0.0,0.0,0.0
2022-07-19 12:30:00-04:00,130.97999572753906,131.2100067138672,130.97999572753906,131.10000610351562,73381,0.0,0.0,0.0
2022-07-19 13:30:00-04:00,131.13999938964844,131.9199981689453,131.1300048828125,131.5399932861328,2307629,0.0,0.0,0.0
2022-07-19 14:30:00-04:00,131.5800018310547,131.85000610351562,131.41000366210938,131.75819396972656,70707,0.0,0.0,0.0
2022-07-19 15:30:00-04:00,131.7283935546875,132.0800018310547,131.57000732421875,131.91000366210938,0,0.0,0.0,0.0
2022-07-20 09:30:00-04:00,132.0399932861328,132.72000122070312,131.77000427246094,132.66000366210938,41010,0.0,0.0,0.0
2022-07-20 10:30:00-04:00,132.7899932861328,133.72999572753906,132.7899932861328,133.50999450683594,84365,0.0,0.0,0.0
2022-07-20 11:30:00-04:00,133.5,133.92999267578125,133.4199981689453,133.6699981689453,38225,0.0,0.0,0.0
2022-07-20 12:30:00-04:00,133.67999267578125,133.86000061035156,132.41000366210938,132.9499969482422,67283,0.0,0.0,0.0
2022-07-20 13:30:00-04:00,132.89999389648438,133.25990295410156,132.5,133.25,83496,0.0,0.0,0.0
2022-07-20 14:30:00-04:00,133.1699981689453,133.64999389648438,132.9499969482422,133.58290100097656,37581,0.0,0.0,0.0
2022-07-20 15:30:00-04:00,133.67999267578125,133.67999267578125,133.19000244140625,133.35000610351562,34523,0.0,0.0,0.0
2022-07-21 09:30:00-04:00,133.47000122070312,133.9600067138672,132.33999633789062,132.57000732421875,46046,0.0,0.0,0.0
2022-07-21 10:30:00-04:00,132.5399932861328,133.63999938964844,132.47000122070312,133.6199951171875,71238,0.0,0.0,0.0
2022-07-21 11:30:00-04:00,133.67999267578125,134.67999267578125,133.5800018310547,134.63999938964844,32835,0.0,0.0,0.0
2022-07-21 12:30:00-04:00,134.7100067138672,134.82049560546875,134.3699951171875,134.47999572753906,81410,0.0,0.0,0.0
2022-07-21 13:30:00-04:00,134.50999450683594,134.8800048828125,134.19000244140625,134.8300018310547,29803,0.0,0.0,0.0
2022-07-21 14:30:00-04:00,134.75,135.08999633789062,134.5,134.83999633789062,37635,0.0,0.0,0.0
2022-07-21 15:30:00-04:00,134.9499969482422,135.15570068359375,134.75999450683594,135.11000061035156,25716,0.0,0.0,0.0
2022-07-22 09:30:00-04:00,135.1199951171875,135.75999450683594,134.50999450683594,134.92999267578125,80522,0.0,0.0,0.0
2022-07-22 10:30:00-04:00,134.82000732421875,135.1199951171875,133.99000549316406,133.99000549316406,42555,0.0,0.0,0.0
2022-07-22 11:30:00-04:00,134.00999450683594,134.07000732421875,133.27279663085938,133.55999755859375,66831,0.0,0.0,0.0
2022-07-22 12:30:00-04:00,133.52999877929688,133.75,133.00999450683594,133.14999389648438,19596,0.0,0.0,0.0
2022-07-22 13:30:00-04:00,133.07000732421875,133.1199951171875,132.67999267578125,132.8699951171875,58788,0.0,0.0,0.0
2022-07-22 14:30:00-04:00,132.83999633789062,133.49000549316406,132.66000366210938,133.47999572753906,90434,0.0,0.0,0.0
2022-07-22 15:30:00-04:00,133.47000122070312,133.47000122070312,132.99000549316406,133.42999267578125,55089,0.0,0.0,0.0
2022-07-25 09:30:00-04:00,133.5399932861328,133.69000244140625,132.4499969482422,132.77999877929688,89905,0.0,0.0,0.0
2022-07-25 10:30:00-04:00,132.85989379882812,133.22999572753906,132.6199951171875,133.0399932861328,30723,0.0,0.0,0.0
2022-07-25 11:30:00-04:00,133.05999755859375,133.3300018310547,132.77999877929688,132.94000244140625,9815,0.0,0.0,0.0
2022-07-25 12:30:00-04:00,133.0,133.47999572753906,133.0,133.11000061035156,17934,0.0,0.0,0.0
2022-07-25 13:30:00-04:00,133.0800018310547,133.1199951171875,132.60000610351562,132.64010620117188,14604,0.0,0.0,0.0
2022-07-25 14:30:00-04:00,132.58999633789062,132.72999572753906,132.2100067138672,132.34939575195312,35048,0.0,0.0,0.0
2022-07-25 15:30:00-04:00,132.32000732421875,133.08999633789062,132.25999450683594,133.08999633789062,22132,0.0,0.0,0.0
2022-07-26 09:30:00-04:00,132.10000610351562,132.16000366210938,131.3699951171875,131.42999267578125,16841,0.0,0.0,0.0
2022-07-26 10:30:00-04:00,131.32000732421875,131.42210388183594,130.86349487304688,130.91000366210938,28481,0.0,0.0,0.0
2022-07-26 11:30:00-04:00,130.8721923828125,130.9199981689453,130.5,130.66000366210938,17370,0.0,0.0,0.0
2022-07-26 12:30:00-04:00,130.75,131.07000732421875,130.6199951171875,131.0050048828125,27198,0.0,0.0,0.0
2022-07-26 13:30:00-04:00,130.7899932861328,131.02999877929688,130.48519897460938,130.48519897460938,22921,0.0,0.0,0.0
2022-07-26 14:30:00-04:00,130.4145050048828,130.55780029296875,130.24000549316406,130.50100708007812,18913,0.0,0.0,0.0
2022-07-26 15:30:00-04:00,130.47999572753906,130.8177947998047,130.3623046875,130.6300048828125,0,0.0,0.0,0.0
2022-07-27 09:30:00-04:00,132.41000366210938,133.55499267578125,132.27999877929688,133.39999389648438,31316,0.0,0.0,0.0
2022-07-27 10:30:00-04:00,133.414306640625,133.73150634765625,133.22999572753906,133.42999267578125,50797,0.0,0.0,0.0
2022-07-27 11:30:00-04:00,133.50999450683594,133.97999572753906,133.49000549316406,133.97000122070312,12039,0.0,0.0,0.0
2022-07-27 12:30:00-04:00,133.83999633789062,133.85499572753906,133.2899932861328,133.4199981689453,24724,0.0,0.0,0.0
2022-07-27 13:30:00-04:00,133.37879943847656,133.85000610351562,133.17999267578125,133.72999572753906,33283,0.0,0.0,0.0
2022-07-27 14:30:00-04:00,133.69000244140625,135.89999389648438,133.3800048828125,135.89999389648438,151594,0.0,0.0,0.0
2022-07-27 15:30:00-04:00,136.0,136.0,135.32000732421875,135.32000732421875,33366,0.0,0.0,0.0
2022-07-28 09:30:00-04:00,135.5399932861328,136.07000732421875,134.27000427246094,134.47000122070312,29625,0.0,0.0,0.0
2022-07-28 10:30:00-04:00,134.52999877929688,136.4600067138672,134.39999389648438,136.4499969482422,31762,0.0,0.0,0.0
2022-07-28 11:30:00-04:00,136.52000427246094,136.5800018310547,136.14999389648438,136.5,28716,0.0,0.0,0.0
2022-07-28 12:30:00-04:00,136.5457000732422,136.75999450683594,136.25999450683594,136.75999450683594,16079,0.0,0.0,0.0
2022-07-28 13:30:00-04:00,136.83999633789062,137.3300018310547,136.80999755859375,137.1199951171875,39061,0.0,0.0,0.0
2022-07-28 14:30:00-04:00,137.13999938964844,137.58999633789062,137.125,137.38999938964844,32973,0.0,0.0,0.0
2022-07-28 15:30:00-04:00,137.3699951171875,137.40890502929688,137.0,137.1999969482422,36223,0.0,0.0,0.0
2022-07-29 09:30:00-04:00,138.55999755859375,139.89999389648438,138.08999633789062,139.8300018310547,42039,0.0,0.0,0.0
2022-07-29 10:30:00-04:00,139.8000030517578,139.87030029296875,138.52999877929688,138.6199951171875,87452,0.0,0.0,0.0
2022-07-29 11:30:00-04:00,138.58999633789062,139.31939697265625,138.47000122070312,139.19000244140625,19060,0.0,0.0,0.0
2022-07-29 12:30:00-04:00,139.27999877929688,139.58999633789062,139.08999633789062,139.39999389648438,17464,0.0,0.0,0.0
2022-07-29 13:30:00-04:00,139.50509643554688,140.0,139.4600067138672,140.0,18198,0.0,0.0,0.0
2022-07-29 14:30:00-04:00,140.0312957763672,140.39999389648438,139.94000244140625,140.38999938964844,33023,0.0,0.0,0.0
2022-07-29 15:30:00-04:00,140.38999938964844,140.55999755859375,140.08999633789062,140.1699981689453,23097,0.0,0.0,0.0
2022-08-01 09:30:00-04:00,139.3300018310547,140.86500549316406,138.9199981689453,140.05999755859375,54542,0.0,0.0,0.0
2022-08-01 10:30:00-04:00,140.22000122070312,141.22000122070312,140.0500030517578,140.92999267578125,50783,0.0,0.0,0.0
2022-08-01 11:30:00-04:00,140.94000244140625,141.10000610351562,140.33999633789062,140.51499938964844,13325,0.0,0.0,0.0
2022-08-01 12:30:00-04:00,140.52999877929688,140.5399932861328,139.60000610351562,139.61000061035156,21475,0.0,0.0,0.0
2022-08-01 13:30:00-04:00,139.6699981689453,139.83999633789062,139.1649932861328,139.61000061035156,31624,0.0,0.0,0.0
2022-08-01 14:30:00-04:00,139.6199951171875,140.19000244140625,139.53050231933594,139.69000244140625,22772,0.0,0.0,0.0
2022-08-01 15:30:00-04:00,139.67999267578125,139.9600067138672,139.61000061035156,139.77000427246094,23842,0.0,0.0,0.0
2022-08-02 09:30:00-04:00,138.86000061035156,139.35000610351562,138.2100067138672,138.97999572753906,55871,0.0,0.0,0.0
2022-08-02 10:30:00-04:00,139.0500030517578,139.97000122070312,138.8699951171875,139.58999633789062,45683,0.0,0.0,0.0
2022-08-02 11:30:00-04:00,139.6300048828125,140.61000061035156,139.1999969482422,140.61000061035156,20746,0.0,0.0,0.0
2022-08-02 12:30:00-04:00,140.61000061035156,140.72000122070312,139.75,139.8000030517578,15922,0.0,0.0,0.0
2022-08-02 13:30:00-04:00,139.58999633789062,139.6999969482422,139.00999450683594,139.59739685058594,37601,0.0,0.0,0.0
2022-08-02 14:30:00-04:00,139.7100067138672,139.82000732421875,139.07000732421875,139.41000366210938,26340,0.0,0.0,0.0
2022-08-02 15:30:00-04:00,139.36000061035156,139.585693359375,139.0,139.0,19804,0.0,0.0,0.0
2022-08-03 09:30:00-04:00,139.72999572753906,141.25,139.72999572753906,140.85000610351562,47736,0.0,0.0,0.0
2022-08-03 10:30:00-04:00,140.61680603027344,141.39999389648438,140.27999877929688,141.3603973388672,41212,0.0,0.0,0.0
2022-08-03 11:30:00-04:00,141.32009887695312,141.68499755859375,141.20089721679688,141.6699981689453,15396,0.0,0.0,0.0
2022-08-03 12:30:00-04:00,141.67520141601562,142.2198028564453,141.67520141601562,142.14120483398438,13463,0.0,0.0,0.0
2022-08-03 13:30:00-04:00,142.1699981689453,142.4185028076172,142.0800018310547,142.34410095214844,10709,0.0,0.0,0.0
2022-08-03 14:30:00-04:00,142.3300018310547,142.4499053955078,142.23500061035156,142.24000549316406,7212,0.0,0.0,0.0
2022-08-03 15:30:00-04:00,142.27999877929688,142.60000610351562,142.1300048828125,142.14999389648438,20336,0.0,0.0,0.0
2022-08-04 09:30:00-04:00,142.1699981689453,142.6999969482422,141.83999633789062,141.99000549316406,57794,0.0,0.0,0.0
2022-08-04 10:30:00-04:00,141.92999267578125,142.24000549316406,141.4199981689453,141.73199462890625,71975,0.0,0.0,0.0
2022-08-04 11:30:00-04:00,141.82000732421875,142.61720275878906,141.7100067138672,142.60189819335938,19833,0.0,0.0,0.0
2022-08-04 12:30:00-04:00,142.47000122070312,142.5500030517578,141.97999572753906,142.5500030517578,30678,0.0,0.0,0.0
2022-08-04 13:30:00-04:00,142.47720336914062,142.6199951171875,142.22000122070312,142.46929931640625,20315,0.0,0.0,0.0
2022-08-04 14:30:00-04:00,142.47999572753906,142.8800048828125,142.1999969482422,142.72000122070312,15208,0.0,0.0,0.0
2022-08-04 15:30:00-04:00,142.72000122070312,142.75,142.44000244140625,142.72000122070312,14123,0.0,0.0,0.0
2022-08-05 09:30:00-04:00,140.8000030517578,142.52999877929688,140.8000030517578,142.17999267578125,72229,0.0,0.0,0.0
2022-08-05 10:30:00-04:00,142.22999572753906,142.22999572753906,140.65040588378906,140.65040588378906,67096,0.0,0.0,0.0
2022-08-05 11:30:00-04:00,140.75,141.41000366210938,140.75,141.27999877929688,24403,0.0,0.0,0.0
2022-08-05 12:30:00-04:00,141.3800048828125,142.07000732421875,141.05819702148438,141.8000030517578,0,0.0,0.0,0.0
2022-08-05 13:30:00-04:00,141.82000732421875,142.0800018310547,141.3699951171875,141.3699951171875,232999,0.0,0.0,0.0
2022-08-05 14:30:00-04:00,141.2270965576172,141.57000732421875,141.2270965576172,141.5500030517578,50126,0.0,0.0,0.0
2022-08-05 15:30:00-04:00,141.63999938964844,142.0500030517578,141.55999755859375,141.99000549316406,39893,0.0,0.0,0.0
2022-08-08 09:30:00-04:00,142.42999267578125,143.6699981689453,142.1999969482422,143.0399932861328,40367,0.0,0.0,0.0
2022-08-08 10:30:00-04:00,143.11000061035156,143.3300018310547,142.44000244140625,142.44000244140625,24318,0.0,0.0,0.0
2022-08-08 11:30:00-04:00,142.4600067138672,142.52999877929688,141.2899932861328,141.33999633789062,21373,0.0,0.0,0.0
2022-08-08 12:30:00-04:00,141.38999938964844,141.9199981689453,141.2100067138672,141.50999450683594,10996,0.0,0.0,0.0
2022-08-08 13:30:00-04:00,141.47999572753906,141.75999450683594,141.1300048828125,141.24000549316406,12898,0.0,0.0,0.0
2022-08-08 14:30:00-04:00,141.22999572753906,141.3509979248047,140.875,141.32000732421875,196088,0.0,0.0,0.0
2022-08-08 15:30:00-04:00,141.25999450683594,141.50999450683594,141.19000244140625,141.47000122070312,28907,0.0,0.0,0.0
2022-08-09 09:30:00-04:00,140.80999755859375,140.97000122070312,139.97000122070312,140.35000610351562,26653,0.0,0.0,0.0
2022-08-09 10:30:00-04:00,140.33999633789062,140.86000061035156,140.02000427246094,140.6199951171875,28162,0.0,0.0,0.0
2022-08-09 11:30:00-04:00,140.66000366210938,140.72999572753906,139.9550018310547,139.9550018310547,19473,0.0,0.0,0.0
2022-08-09 12:30:00-04:00,139.97999572753906,140.2899932861328,139.97000122070312,140.25,13165,0.0,0.0,0.0
2022-08-09 13:30:00-04:00,140.2899932861328,140.5500030517578,140.00999450683594,140.1199951171875,20499,0.0,0.0,0.0
2022-08-09 14:30:00-04:00,140.1999969482422,140.639892578125,140.10000610351562,140.639892578125,47928,0.0,0.0,0.0
2022-08-09 15:30:00-04:00,140.5,140.5500030517578,140.26499938964844,140.36000061035156,16916,0.0,0.0,0.0
2022-08-10 09:30:00-04:00,143.3699951171875,143.57000732421875,142.44000244140625,142.72000122070312,31391,0.0,0.0,0.0
2022-08-10 10:30:00-04:00,142.77000427246094,143.7899932861328,142.77000427246094,143.47999572753906,140943,0.0,0.0,0.0
2022-08-10 11:30:00-04:00,143.5,143.72999572753906,143.19000244140625,143.26719665527344,16884,0.0,0.0,0.0
2022-08-10 12:30:00-04:00,143.33999633789062,143.5,143.22000122070312,143.41000366210938,21790,0.0,0.0,0.0
2022-08-10 13:30:00-04:00,143.39999389648438,143.6999053955078,143.2899932861328,143.49000549316406,32624,0.0,0.0,0.0
2022-08-10 14:30:00-04:00,143.35000610351562,143.6300048828125,143.27999877929688,143.6300048828125,10306,0.0,0.0,0.0
2022-08-10 15:30:00-04:00,143.65269470214844,143.9499969482422,143.59930419921875,143.86000061035156,14010,0.0,0.0,0.0
2022-08-11 09:30:00-04:00,144.8699951171875,145.3300018310547,144.3000030517578,144.89999389648438,106996,0.0,0.0,0.0
2022-08-11 10:30:00-04:00,144.97000122070312,145.0706024169922,143.61000061035156,143.97999572753906,24836,0.0,0.0,0.0
2022-08-11 11:30:00-04:00,143.9600067138672,144.14999389648438,143.5850067138672,143.91000366210938,17293,0.0,0.0,0.0
2022-08-11 12:30:00-04:00,144.02999877929688,144.24000549316406,143.85000610351562,144.07000732421875,39010,0.0,0.0,0.0
2022-08-11 13:30:00-04:00,144.0500030517578,144.0583953857422,143.2899932861328,143.39500427246094,16034,0.0,0.0,0.0
2022-08-11 14:30:00-04:00,143.44000244140625,143.44000244140625,142.7899932861328,143.0800018310547,22987,0.0,0.0,0.0
2022-08-11 15:30:00-04:00,143.0800018310547,143.2100067138672,142.8300018310547,143.10000610351562,19637,0.0,0.0,0.0
2022-08-12 09:30:00-04:00,144.11000061035156,144.37820434570312,143.5800018310547,144.13999938964844,59133,0.0,0.0,0.0
2022-08-12 10:30:00-04:00,144.1300048828125,144.61000061035156,143.8350067138672,144.52999877929688,1217904,0.0,0.0,0.0
2022-08-12 11:30:00-04:00,144.52000427246094,144.82000732421875,144.38999938964844,144.74000549316406,35289,0.0,0.0,0.0
2022-08-12 12:30:00-04:00,144.77999877929688,144.9199981689453,144.63999938964844,144.8874969482422,20121,0.0,0.0,0.0
2022-08-12 13:30:00-04:00,144.94630432128906,145.17999267578125,144.86000061035156,145.17999267578125,119838,0.0,0.0,0.0
2022-08-12 14:30:00-04:00,145.19000244140625,145.67999267578125,145.19000244140625,145.61000061035156,38866,0.0,0.0,0.0
2022-08-12 15:30:00-04:00,145.65499877929688,145.88999938964844,145.58999633789062,145.8699951171875,23006,0.0,0.0,0.0
2022-08-15 09:30:00-04:00,145.4199981689453,146.32000732421875,145.4199981689453,145.67999267578125,30383,0.0,0.0,0.0
2022-08-15 10:30:00-04:00,145.8000030517578,145.97999572753906,145.50999450683594,145.8800048828125,344248,0.0,0.0,0.0
2022-08-15 11:30:00-04:00,145.91000366210938,146.6199951171875,145.8800048828125,146.52000427246094,39032,0.0,0.0,0.0
2022-08-15 12:30:00-04:00,146.60000610351562,146.83999633789062,146.60000610351562,146.7100067138672,36608,0.0,0.0,0.0
2022-08-15 13:30:00-04:00,146.73500061035156,146.75599670410156,146.55990600585938,146.63999938964844,175488,0.0,0.0,0.0
2022-08-15 14:30:00-04:00,146.7100067138672,147.0500030517578,146.60000610351562,146.97000122070312,28071,0.0,0.0,0.0
2022-08-15 15:30:00-04:00,146.97999572753906,147.05999755859375,146.75999450683594,146.85000610351562,52161,0.0,0.0,0.0
2022-08-16 09:30:00-04:00,146.50999450683594,146.66000366210938,146.00999450683594,146.1199951171875,36674,0.0,0.0,0.0
2022-08-16 10:30:00-04:00,145.88999938964844,146.6300048828125,145.67999267578125,146.58999633789062,28981,0.0,0.0,0.0
2022-08-16 11:30:00-04:00,146.72999572753906,147.14999389648438,146.70309448242188,146.88999938964844,14290,0.0,0.0,0.0
2022-08-16 12:30:00-04:00,146.8699951171875,147.08999633789062,146.7100067138672,147.08999633789062,12839,0.0,0.0,0.0
2022-08-16 13:30:00-04:00,147.10000610351562,147.6699981689453,147.10000610351562,147.42999267578125,18798,0.0,0.0,0.0
2022-08-16 14:30:00-04:00,147.3699951171875,147.3699951171875,146.25,146.86000061035156,63365,0.0,0.0,0.0
2022-08-16 15:30:00-04:00,146.91000366210938,147.19000244140625,146.80999755859375,146.9199981689453,24888,0.0,0.0,0.0
2022-08-17 09:30:00-04:00,145.57000732421875,146.3350067138672,145.57000732421875,145.8000030517578,28980,0.0,0.0,0.0
2022-08-17 10:30:00-04:00,145.72000122070312,145.75,145.21200561523438,145.66000366210938,44719,0.0,0.0,0.0
2022-08-17 11:30:00-04:00,145.77999877929688,145.77999877929688,145.1699981689453,145.6300048828125,17732,0.0,0.0,0.0
2022-08-17 12:30:00-04:00,145.67999267578125,145.97999572753906,145.63999938964844,145.97999572753906,20924,0.0,0.0,0.0
2022-08-17 13:30:00-04:00,146.02999877929688,146.89999389648438,145.8000030517578,146.66000366210938,38398,0.0,0.0,0.0
2022-08-17 14:30:00-04:00,146.7100067138672,146.99000549316406,145.8699951171875,146.10499572753906,25420,0.0,0.0,0.0
2022-08-17 15:30:00-04:00,146.1300048828125,146.1300048828125,145.75999450683594,145.94000244140625,18095,0.0,0.0,0.0
2022-08-18 09:30:00-04:00,145.7100067138672,145.8699951171875,145.25999450683594,145.58999633789062,29210,0.0,0.0,0.0
2022-08-18 10:30:00-04:00,145.64999389648438,146.2899932861328,145.5,146.2028045654297,36978,0.0,0.0,0.0
2022-08-18 11:30:00-04:00,146.25999450683594,146.53590393066406,145.92999267578125,145.9499969482422,22952,0.0,0.0,0.0
2022-08-18 12:30:00-04:00,145.9499969482422,146.2584991455078,145.6999969482422,146.24000549316406,36997,0.0,0.0,0.0
2022-08-18 13:30:00-04:00,146.22999572753906,146.36000061035156,146.0399932861328,146.2899932861328,29137,0.0,0.0,0.0
2022-08-18 14:30:00-04:00,146.13999938964844,146.6199951171875,146.0449981689453,146.5800018310547,52139,0.0,0.0,0.0
2022-08-18 15:30:00-04:00,146.55999755859375,146.64999389648438,146.07000732421875,146.27000427246094,14116,0.0,0.0,0.0
2022-08-19 09:30:00-04:00,145.1999969482422,145.22000122070312,144.19000244140625,144.25999450683594,35127,0.0,0.0,0.0
2022-08-19 10:30:00-04:00,144.31329345703125,144.4600067138672,143.86000061035156,144.02499389648438,29834,0.0,0.0,0.0
2022-08-19 11:30:00-04:00,144.0399932861328,144.2899932861328,143.88999938964844,144.0800018310547,11201,0.0,0.0,0.0
2022-08-19 12:30:00-04:00,144.11000061035156,144.52999877929688,144.11000061035156,144.1201934814453,17666,0.0,0.0,0.0
2022-08-19 13:30:00-04:00,144.0500030517578,144.2100067138672,143.86000061035156,143.97999572753906,18089,0.0,0.0,0.0
2022-08-19 14:30:00-04:00,143.97999572753906,144.0800018310547,143.64979553222656,143.97999572753906,24225,0.0,0.0,0.0
2022-08-19 15:30:00-04:00,143.9801025390625,144.11000061035156,143.85000610351562,144.02000427246094,59095,0.0,0.0,0.0
2022-08-22 09:30:00-04:00,141.97999572753906,142.14500427246094,141.0800018310547,141.1199951171875,23793,0.0,0.0,0.0
2022-08-22 10:30:00-04:00,141.10499572753906,141.27499389648438,140.8800048828125,140.97999572753906,28192,0.0,0.0,0.0
2022-08-22 11:30:00-04:00,141.13999938964844,141.3699951171875,141.05999755859375,141.19000244140625,9515,0.0,0.0,0.0
2022-08-22 12:30:00-04:00,141.14999389648438,141.32000732421875,140.85000610351562,140.85000610351562,16190,0.0,0.0,0.0
2022-08-22 13:30:00-04:00,140.75,140.75,140.52999877929688,140.5850067138672,18194,0.0,0.0,0.0
2022-08-22 14:30:00-04:00,140.57000732421875,140.60000610351562,140.25999450683594,140.47500610351562,34470,0.0,0.0,0.0
2022-08-22 15:30:00-04:00,140.47000122070312,140.57000732421875,140.15989685058594,140.55999755859375,51538,0.0,0.0,0.0
2022-08-23 09:30:00-04:00,140.36000061035156,141.16000366210938,139.9600067138672,140.85000610351562,35629,0.0,0.0,0.0
2022-08-23 10:30:00-04:00,140.72000122070312,140.99000549316406,139.9499969482422,140.25,33559,0.0,0.0,0.0
2022-08-23 11:30:00-04:00,140.27999877929688,140.51150512695312,139.99000549316406,140.11570739746094,11833,0.0,0.0,0.0
2022-08-23 12:30:00-04:00,140.0399932861328,140.7100067138672,140.0399932861328,140.7100067138672,24746,0.0,0.0,0.0
2022-08-23 13:30:00-04:00,140.6999969482422,140.74000549316406,140.19000244140625,140.63999938964844,13541,0.0,0.0,0.0
2022-08-23 14:30:00-04:00,140.58999633789062,140.63999938964844,140.33120727539062,140.47999572753906,24447,0.0,0.0,0.0
2022-08-23 15:30:00-04:00,140.4600067138672,140.47000122070312,140.0399932861328,140.13999938964844,13440,0.0,0.0,0.0
2022-08-24 09:30:00-04:00,140.02000427246094,140.6199951171875,139.91000366210938,140.49000549316406,30141,0.0,0.0,0.0
2022-08-24 10:30:00-04:00,140.5800018310547,140.9600067138672,140.19000244140625,140.91250610351562,71938,0.0,0.0,0.0
2022-08-24 11:30:00-04:00,140.9199981689453,141.1300048828125,140.8350067138672,140.89610290527344,14409,0.0,0.0,0.0
2022-08-24 12:30:00-04:00,140.80999755859375,140.87229919433594,140.27000427246094,140.27000427246094,42050,0.0,0.0,0.0
2022-08-24 13:30:00-04:00,140.26499938964844,140.5500030517578,140.26499938964844,140.54600524902344,13211,0.0,0.0,0.0
2022-08-24 14:30:00-04:00,140.47000122070312,140.76800537109375,140.2899932861328,140.6199951171875,15326,0.0,0.0,0.0
2022-08-24 15:30:00-04:00,140.72000122070312,140.83070373535156,140.30999755859375,140.41000366210938,20942,0.0,0.0,0.0
2022-08-25 09:30:00-04:00,141.1300048828125,141.91000366210938,140.6699981689453,141.83999633789062,21906,0.0,0.0,0.0
2022-08-25 10:30:00-04:00,141.8699951171875,142.02369689941406,140.89199829101562,141.02999877929688,18600,0.0,0.0,0.0
2022-08-25 11:30:00-04:00,141.1199951171875,141.32989501953125,140.97000122070312,141.18409729003906,11868,0.0,0.0,0.0
2022-08-25 12:30:00-04:00,141.16000366210938,141.42349243164062,140.84010314941406,141.39999389648438,30886,0.0,0.0,0.0
2022-08-25 13:30:00-04:00,141.42999267578125,141.74000549316406,141.3782958984375,141.66000366210938,30543,0.0,0.0,0.0
2022-08-25 14:30:00-04:00,141.66000366210938,141.86000061035156,141.3800048828125,141.86000061035156,23142,0.0,0.0,0.0
2022-08-25 15:30:00-04:00,141.8220977783203,142.6300048828125,141.7100067138672,142.6300048828125,16518,0.0,0.0,0.0
2022-08-26 09:30:00-04:00,142.4199981689453,142.8699951171875,140.72000122070312,140.92999267578125,75395,0.0,0.0,0.0
2022-08-26 10:30:00-04:00,140.5800018310547,140.58999633789062,138.97000122070312,139.3699951171875,61698,0.0,0.0,0.0
2022-08-26 11:30:00-04:00,139.41000366210938,139.57000732421875,138.6699981689453,138.80999755859375,26739,0.0,0.0,0.0
2022-08-26 12:30:00-04:00,138.67999267578125,139.19000244140625,138.67999267578125,138.86000061035156,36742,0.0,0.0,0.0
2022-08-26 13:30:00-04:00,138.80999755859375,138.80999755859375,138.11000061035156,138.27000427246094,20894,0.0,0.0,0.0
2022-08-26 14:30:00-04:00,138.1999969482422,138.2449951171875,137.6649932861328,137.80999755859375,25594,0.0,0.0,0.0
2022-08-26 15:30:00-04:00,137.75,137.77999877929688,137.0800018310547,137.10000610351562,39582,0.0,0.0,0.0
2022-08-29 09:30:00-04:00,135.88999938964844,136.6699981689453,135.55999755859375,136.44000244140625,60367,0.0,0.0,0.0
2022-08-29 10:30:00-04:00,136.33999633789062,136.44000244140625,135.27999877929688,135.47000122070312,33690,0.0,0.0,0.0
2022-08-29 11:30:00-04:00,135.41000366210938,136.35000610351562,135.3800048828125,136.1199951171875,44008,0.0,0.0,0.0
2022-08-29 12:30:00-04:00,136.11000061035156,136.6699981689453,135.86000061035156,136.35000610351562,27807,0.0,0.0,0.0
2022-08-29 13:30:00-04:00,136.38999938964844,136.9199981689453,136.10000610351562,136.22999572753906,17767,0.0,0.0,0.0
2022-08-29 14:30:00-04:00,136.3800048828125,136.77000427246094,136.1300048828125,136.3800048828125,28922,0.0,0.0,0.0
2022-08-29 15:30:00-04:00,136.3549041748047,136.5399932861328,135.7100067138672,135.7100067138672,31930,0.0,0.0,0.0
2022-08-30 09:30:00-04:00,136.58999633789062,136.61000061035156,134.7899932861328,135.02000427246094,61051,0.0,0.0,0.0
2022-08-30 10:30:00-04:00,135.0,135.0,133.66000366210938,134.42999267578125,93656,0.0,0.0,0.0
2022-08-30 11:30:00-04:00,134.3699951171875,134.7899932861328,134.12010192871094,134.33999633789062,36132,0.0,0.0,0.0
2022-08-30 12:30:00-04:00,134.32000732421875,134.32000732421875,133.48809814453125,133.64999389648438,38733,0.0,0.0,0.0
2022-08-30 13:30:00-04:00,133.63999938964844,134.0399932861328,133.30999755859375,133.67999267578125,37837,0.0,0.0,0.0
2022-08-30 14:30:00-04:00,133.8800048828125,134.65029907226562,133.69000244140625,134.3699951171875,37705,0.0,0.0,0.0
2022-08-30 15:30:00-04:00,134.3699951171875,134.50999450683594,133.8800048828125,134.3300018310547,23652,0.0,0.0,0.0
2022-08-31 09:30:00-04:00,135.11000061035156,135.6199951171875,134.25,134.25,103972,0.0,0.0,0.0
2022-08-31 10:30:00-04:00,134.38999938964844,134.6199951171875,133.6699981689453,134.0,32488,0.0,0.0,0.0
2022-08-31 11:30:00-04:00,133.8800048828125,134.66000366210938,133.8800048828125,134.21499633789062,25654,0.0,0.0,0.0
2022-08-31 12:30:00-04:00,134.41000366210938,134.41000366210938,133.7100067138672,133.83999633789062,52894,0.0,0.0,0.0
2022-08-31 13:30:00-04:00,133.75,133.99000549316406,133.53790283203125,133.72500610351562,17659,0.0,0.0,0.0
2022-08-31 14:30:00-04:00,133.70660400390625,134.1999969482422,133.27999877929688,133.77999877929688,34003,0.0,0.0,0.0
2022-08-31 15:30:00-04:00,133.80999755859375,134.2899932861328,133.13999938964844,133.13999938964844,29494,0.0,0.0,0.0
2022-09-01 09:30:00-04:00,132.1999969482422,132.6699981689453,131.59500122070312,132.1699981689453,46037,0.0,0.0,0.0
2022-09-01 10:30:00-04:00,132.14999389648438,132.14999389648438,130.98660278320312,130.98660278320312,55255,0.0,0.0,0.0
2022-09-01 11:30:00-04:00,131.02000427246094,131.64999389648438,130.97000122070312,131.44000244140625,166653,0.0,0.0,0.0
2022-09-01 12:30:00-04:00,131.33999633789062,131.91000366210938,130.90679931640625,131.89999389648438,29648,0.0,0.0,0.0
2022-09-01 13:30:00-04:00,131.91000366210938,132.5399932861328,131.5050048828125,132.47999572753906,31352,0.0,0.0,0.0
2022-09-01 14:30:00-04:00,132.52999877929688,133.11000061035156,132.32000732421875,132.58999633789062,94772,0.0,0.0,0.0
2022-09-01 15:30:00-04:00,132.47000122070312,133.63999938964844,132.42999267578125,133.5800018310547,19989,0.0,0.0,0.0
2022-09-02 09:30:00-04:00,134.80999755859375,134.86000061035156,133.5500030517578,134.86000061035156,52544,0.0,0.0,0.0
2022-09-02 10:30:00-04:00,134.9600067138672,135.29119873046875,134.4499969482422,134.92999267578125,58578,0.0,0.0,0.0
2022-09-02 11:30:00-04:00,134.97000122070312,135.10000610351562,133.86000061035156,133.92999267578125,60017,0.0,0.0,0.0
2022-09-02 12:30:00-04:00,133.86000061035156,133.9600067138672,132.1300048828125,132.17999267578125,52234,0.0,0.0,0.0
2022-09-02 13:30:00-04:00,132.05999755859375,132.44000244140625,131.6699981689453,132.1699981689453,47122,0.0,0.0,0.0
2022-09-02 14:30:00-04:00,132.1999969482422,132.30999755859375,131.60000610351562,131.83999633789062,78140,0.0,0.0,0.0
2022-09-02 15:30:00-04:00,131.75999450683594,131.8699951171875,131.0500030517578,131.82000732421875,26197,0.0,0.0,0.0
2022-09-06 09:30:00-04:00,132.05999755859375,132.27999877929688,130.27000427246094,131.0399932861328,54353,0.0,0.0,0.0
2022-09-06 10:30:00-04:00,130.97000122070312,132.39999389648438,130.77000427246094,131.77000427246094,69903,0.0,0.0,0.0
2022-09-06 11:30:00-04:00,131.77999877929688,132.4499969482422,131.17999267578125,131.4149932861328,48567,0.0,0.0,0.0
2022-09-06 12:30:00-04:00,131.42999267578125,131.72999572753906,130.66000366210938,130.8300018310547,31815,0.0,0.0,0.0
2022-09-06 13:30:00-04:00,130.77999877929688,131.55999755859375,130.64999389648438,131.3300018310547,109029,0.0,0.0,0.0
2022-09-06 14:30:00-04:00,131.3800048828125,131.61000061035156,130.9199981689453,131.35000610351562,44886,0.0,0.0,0.0
2022-09-06 15:30:00-04:00,131.1999969482422,131.35000610351562,130.8206024169922,131.2100067138672,58109,0.0,0.0,0.0
2022-09-07 09:30:00-04:00,131.25,132.11000061035156,131.16000366210938,131.64999389648438,37027,0.0,0.0,0.0
2022-09-07 10:30:00-04:00,131.72999572753906,132.39999389648438,131.4499969482422,132.3300018310547,46976,0.0,0.0,0.0
2022-09-07 11:30:00-04:00,132.24000549316406,132.41000366210938,131.9199981689453,132.0988006591797,20680,0.0,0.0,0.0
2022-09-07 12:30:00-04:00,132.08999633789062,132.72999572753906,131.92999267578125,132.55999755859375,19388,0.0,0.0,0.0
2022-09-07 13:30:00-04:00,132.47999572753906,133.48069763183594,132.47999572753906,133.30250549316406,30622,0.0,0.0,0.0
2022-09-07 14:30:00-04:00,133.42999267578125,133.92999267578125,133.27999877929688,133.92999267578125,24666,0.0,0.0,0.0
2022-09-07 15:30:00-04:00,133.93809509277344,133.9600067138672,133.52999877929688,133.6199951171875,15792,0.0,0.0,0.0
2022-09-08 09:30:00-04:00,132.63999938964844,133.72000122070312,132.27000427246094,133.38999938964844,88944,0.0,0.0,0.0
2022-09-08 10:30:00-04:00,133.36000061035156,134.57000732421875,133.32000732421875,134.39999389648438,86846,0.0,0.0,0.0
2022-09-08 11:30:00-04:00,134.3800048828125,134.39999389648438,132.1999969482422,132.60000610351562,0,0.0,0.0,0.0
2022-09-08 12:30:00-04:00,132.52999877929688,133.7100067138672,132.52999877929688,133.58999633789062,308124,0.0,0.0,0.0
2022-09-08 13:30:00-04:00,133.57000732421875,133.75999450683594,133.17999267578125,133.58999633789062,61280,0.0,0.0,0.0
2022-09-08 14:30:00-04:00,133.64999389648438,133.8699951171875,133.14999389648438,133.60110473632812,39909,0.0,0.0,0.0
2022-09-08 15:30:00-04:00,133.69009399414062,134.11000061035156,133.36000061035156,134.10000610351562,11652,0.0,0.0,0.0
2022-09-09 09:30:00-04:00,135.0,136.13999938964844,134.8699951171875,136.02000427246094,39359,0.0,0.0,0.0
2022-09-09 10:30:00-04:00,136.05999755859375,136.42990112304688,135.9499969482422,136.25799560546875,39987,0.0,0.0,0.0
2022-09-09 11:30:00-04:00,136.32000732421875,136.4949951171875,135.8000030517578,135.97999572753906,21787,0.0,0.0,0.0
2022-09-09 12:30:00-04:00,136.11000061035156,136.62350463867188,136.07000732421875,136.57749938964844,27709,0.0,0.0,0.0
2022-09-09 13:30:00-04:00,136.64999389648438,136.7449951171875,136.44000244140625,136.7449951171875,13686,0.0,0.0,0.0
2022-09-09 14:30:00-04:00,136.77000427246094,136.8271942138672,136.4600067138672,136.74000549316406,18980,0.0,0.0,0.0
2022-09-09 15:30:00-04:00,136.77000427246094,136.94000244140625,136.6199951171875,136.6199951171875,19973,0.0,0.0,0.0
2022-09-12 09:30:00-04:00,137.30999755859375,138.4499969482422,137.30999755859375,138.33999633789062,25034,0.0,0.0,0.0
2022-09-12 10:30:00-04:00,138.41000366210938,138.41000366210938,137.8000030517578,138.3000030517578,35966,0.0,0.0,0.0
2022-09-12 11:30:00-04:00,138.32000732421875,138.32000732421875,137.42999267578125,137.82000732421875,1237068,0.0,0.0,0.0
2022-09-12 12:30:00-04:00,137.8699951171875,138.3800048828125,137.8300018310547,138.32029724121094,46062,0.0,0.0,0.0
2022-09-12 13:30:00-04:00,138.3800048828125,138.49000549316406,137.96499633789062,137.96499633789062,18556,0.0,0.0,0.0
2022-09-12 14:30:00-04:00,137.9199981689453,138.30999755859375,137.89999389648438,138.11000061035156,21112,0.0,0.0,0.0
2022-09-12 15:30:00-04:00,138.16000366210938,138.44000244140625,138.04010009765625,138.44000244140625,14667,0.0,0.0,0.0
2022-09-13 09:30:00-04:00,134.91000366210938,135.24070739746094,133.87010192871094,134.07000732421875,51377,0.0,0.0,0.0
2022-09-13 10:30:00-04:00,134.0500030517578,134.11000061035156,132.9600067138672,132.9600067138672,26050,0.0,0.0,0.0
2022-09-13 11:30:00-04:00,132.97999572753906,133.50999450683594,132.97999572753906,133.1699981689453,24679,0.0,0.0,0.0
2022-09-13 12:30:00-04:00,133.10000610351562,133.69000244140625,133.0749969482422,133.69000244140625,33063,0.0,0.0,0.0
2022-09-13 13:30:00-04:00,133.63999938964844,133.72999572753906,132.85000610351562,132.86000061035156,81137,0.0,0.0,0.0
2022-09-13 14:30:00-04:00,132.83900451660156,132.86000061035156,131.91000366210938,131.91000366210938,37550,0.0,0.0,0.0
2022-09-13 15:30:00-04:00,131.85000610351562,131.8800048828125,131.0800018310547,131.35000610351562,39273,0.0,0.0,0.0
2022-09-14 09:30:00-04:00,131.97000122070312,132.36000061035156,131.30999755859375,131.30999755859375,35020,0.0,0.0,0.0
2022-09-14 10:30:00-04:00,131.25,132.8000030517578,131.22000122070312,132.22999572753906,45867,0.0,0.0,0.0
2022-09-14 11:30:00-04:00,132.2100067138672,132.52999877929688,132.02999877929688,132.1674041748047,25047,0.0,0.0,0.0
2022-09-14 12:30:00-04:00,132.2100067138672,132.5399932861328,132.11000061035156,132.27999877929688,41609,0.0,0.0,0.0
2022-09-14 13:30:00-04:00,132.3000030517578,132.30999755859375,131.25,131.58999633789062,49625,0.0,0.0,0.0
2022-09-14 14:30:00-04:00,131.57000732421875,131.85000610351562,131.02490234375,131.24000549316406,36839,0.0,0.0,0.0
2022-09-14 15:30:00-04:00,131.13999938964844,132.38999938964844,131.00999450683594,132.36000061035156,20131,0.0,0.0,0.0
2022-09-15 09:30:00-04:00,131.4600067138672,132.52999877929688,131.3300018310547,131.33999633789062,31477,0.0,0.0,0.0
2022-09-15 10:30:00-04:00,131.3800048828125,131.52000427246094,130.1699981689453,130.77000427246094,46018,0.0,0.0,0.0
2022-09-15 11:30:00-04:00,130.83999633789062,130.9199981689453,130.1300048828125,130.27000427246094,31070,0.0,0.0,0.0
2022-09-15 12:30:00-04:00,130.39999389648438,131.6999969482422,130.39999389648438,131.52000427246094,68514,0.0,0.0,0.0
2022-09-15 13:30:00-04:00,131.49000549316406,131.49000549316406,130.5399932861328,130.66000366210938,45626,0.0,0.0,0.0
2022-09-15 14:30:00-04:00,130.8000030517578,130.9600067138672,129.60000610351562,129.66000366210938,62843,0.0,0.0,0.0
2022-09-15 15:30:00-04:00,129.75999450683594,130.4499969482422,129.7050018310547,130.1999969482422,36338,0.0,0.0,0.0
2022-09-16 09:30:00-04:00,128.47000122070312,128.8300018310547,127.75,128.41690063476562,109020,0.0,0.0,0.0
2022-09-16 10:30:00-04:00,128.55999755859375,129.10000610351562,128.10000610351562,128.2100067138672,27102,0.0,0.0,0.0
2022-09-16 11:30:00-04:00,128.17999267578125,128.63999938964844,127.9000015258789,127.9000015258789,19613,0.0,0.0,0.0
2022-09-16 12:30:00-04:00,127.86000061035156,128.34219360351562,127.86000061035156,128.1699981689453,18085,0.0,0.0,0.0
2022-09-16 13:30:00-04:00,128.27999877929688,128.8000030517578,128.05499267578125,128.75999450683594,39834,0.0,0.0,0.0
2022-09-16 14:30:00-04:00,128.74000549316406,129.39999389648438,128.57000732421875,128.99000549316406,54867,0.0,0.0,0.0
2022-09-16 15:30:00-04:00,128.94000244140625,129.4499969482422,128.77999877929688,129.19000244140625,20685,0.0,0.0,0.0
2022-09-19 09:30:00-04:00,128.08999633789062,129.33999633789062,128.05999755859375,129.16000366210938,180820,0.0,0.0,0.0
2022-09-19 10:30:00-04:00,129.0800018310547,129.80999755859375,129.00999450683594,129.19000244140625,32883,0.0,0.0,0.0
2022-09-19 11:30:00-04:00,129.1199951171875,129.16000366210938,128.67999267578125,128.9499969482422,108515,0.0,0.0,0.0
2022-09-19 12:30:00-04:00,128.94000244140625,129.5,128.92999267578125,129.43800354003906,18162,0.0,0.0,0.0
2022-09-19 13:30:00-04:00,129.25999450683594,129.4199981689453,129.0,129.1613006591797,24296,0.0,0.0,0.0
2022-09-19 14:30:00-04:00,129.22000122070312,130.3000030517578,129.14999389648438,130.22000122070312,98179,0.0,0.0,0.0
2022-09-19 15:30:00-04:00,130.3300018310547,130.3699951171875,129.99000549316406,130.36000061035156,17646,0.0,0.0,0.0
2022-09-20 09:30:00-04:00,129.1699981689453,129.39999389648438,128.80999755859375,129.17999267578125,72222,0.0,0.0,0.0
2022-09-20 10:30:00-04:00,129.10000610351562,129.77999877929688,128.8000030517578,129.6199951171875,42008,0.0,0.0,0.0
2022-09-20 11:30:00-04:00,129.6699981689453,130.1699981689453,129.47999572753906,129.6300048828125,38932,0.0,0.0,0.0
2022-09-20 12:30:00-04:00,129.6300048828125,129.64999389648438,128.83999633789062,128.83999633789062,100488,0.0,0.0,0.0
2022-09-20 13:30:00-04:00,128.57000732421875,128.97000122070312,128.3300018310547,128.8699951171875,44680,0.0,0.0,0.0
2022-09-20 14:30:00-04:00,128.77000427246094,129.47000122070312,128.4600067138672,129.46670532226562,54551,0.0,0.0,0.0
2022-09-20 15:30:00-04:00,129.33999633789062,129.77999877929688,129.13999938964844,129.3300018310547,30293,0.0,0.0,0.0
2022-09-21 09:30:00-04:00,129.8300018310547,130.1999969482422,129.77139282226562,130.1999969482422,15118,0.0,0.0,0.0
2022-09-21 10:30:00-04:00,130.22669982910156,130.22669982910156,129.5850067138672,129.75999450683594,84241,0.0,0.0,0.0
2022-09-21 11:30:00-04:00,129.8000030517578,130.07000732421875,129.75,130.07000732421875,6088,0.0,0.0,0.0
2022-09-21 12:30:00-04:00,130.08999633789062,130.21319580078125,129.77999877929688,129.82000732421875,17298,0.0,0.0,0.0
2022-09-21 13:30:00-04:00,129.94000244140625,130.42999267578125,127.75,128.5399932861328,97124,0.0,0.0,0.0
2022-09-21 14:30:00-04:00,128.4600067138672,131.2899932861328,128.13999938964844,128.69000244140625,143816,0.0,0.0,0.0
2022-09-21 15:30:00-04:00,128.38999938964844,128.57000732421875,126.98999786376953,126.98999786376953,85049,0.0,0.0,0.0
2022-09-22 09:30:00-04:00,126.44000244140625,126.77999877929688,125.87999725341797,126.22339630126953,54337,0.0,0.0,0.0
2022-09-22 10:30:00-04:00,126.20500183105469,126.41000366210938,125.41999816894531,125.73999786376953,54305,0.0,0.0,0.0
2022-09-22 11:30:00-04:00,125.69999694824219,126.41000366210938,125.63999938964844,126.06999969482422,25551,0.0,0.0,0.0
2022-09-22 12:30:00-04:00,126.01000213623047,126.33000183105469,125.70210266113281,125.9800033569336,36817,0.0,0.0,0.0
2022-09-22 13:30:00-04:00,126.05000305175781,126.38999938964844,125.58999633789062,125.83930206298828,65058,0.0,0.0,0.0
2022-09-22 14:30:00-04:00,125.68000030517578,126.97000122070312,125.6500015258789,126.56999969482422,59887,0.0,0.0,0.0
2022-09-22 15:30:00-04:00,126.69999694824219,127.20999908447266,125.94000244140625,125.94000244140625,33807,0.0,0.0,0.0
2022-09-23 09:30:00-04:00,124.69999694824219,124.70999908447266,123.69989776611328,124.2300033569336,45623,0.0,0.0,0.0
2022-09-23 10:30:00-04:00,124.2699966430664,124.44999694824219,123.88999938964844,124.1500015258789,37296,0.0,0.0,0.0
2022-09-23 11:30:00-04:00,124.0999984741211,124.21499633789062,123.17040252685547,123.17759704589844,35942,0.0,0.0,0.0
2022-09-23 12:30:00-04:00,123.17849731445312,123.86000061035156,123.15039825439453,123.37999725341797,48950,0.0,0.0,0.0
2022-09-23 13:30:00-04:00,123.37999725341797,123.61000061035156,122.70999908447266,122.92009735107422,50243,0.0,0.0,0.0
2022-09-23 14:30:00-04:00,122.87999725341797,123.5,122.47000122070312,123.4000015258789,53619,0.0,0.0,0.0
2022-09-23 15:30:00-04:00,123.58999633789062,124.04000091552734,123.34010314941406,124.04000091552734,53363,0.0,0.0,0.0
2022-09-26 09:30:00-04:00,123.01000213623047,125.02999877929688,123.0,124.80000305175781,34662,0.0,0.0,0.0
2022-09-26 10:30:00-04:00,124.83000183105469,124.9000015258789,123.52999877929688,123.52999877929688,47253,0.0,0.0,0.0
2022-09-26 11:30:00-04:00,123.51000213623047,124.04000091552734,123.08000183105469,123.13999938964844,39575,0.0,0.0,0.0
2022-09-26 12:30:00-04:00,123.13999938964844,123.66999816894531,122.75769805908203,122.91000366210938,37865,0.0,0.0,0.0
2022-09-26 13:30:00-04:00,122.97000122070312,123.44499969482422,122.69000244140625,123.01480102539062,57164,0.0,0.0,0.0
2022-09-26 14:30:00-04:00,123.0999984741211,123.83000183105469,122.80999755859375,123.5,51640,0.0,0.0,0.0
2022-09-26 15:30:00-04:00,123.43000030517578,123.9000015258789,122.91000366210938,122.94999694824219,39793,0.0,0.0,0.0
2022-09-27 09:30:00-04:00,124.52999877929688,125.5199966430664,123.93000030517578,124.23999786376953,41283,0.0,0.0,0.0
2022-09-27 10:30:00-04:00,124.23539733886719,124.86000061035156,123.4218978881836,123.4218978881836,54690,0.0,0.0,0.0
2022-09-27 11:30:00-04:00,123.5199966430664,123.80000305175781,122.08000183105469,122.48899841308594,64994,0.0,0.0,0.0
2022-09-27 12:30:00-04:00,122.5,122.80999755859375,122.26000213623047,122.48999786376953,146653,0.0,0.0,0.0
2022-09-27 13:30:00-04:00,122.41000366210938,122.70999908447266,122.08000183105469,122.45999908447266,45669,0.0,0.0,0.0
2022-09-27 14:30:00-04:00,122.44999694824219,123.3499984741211,122.30999755859375,122.7699966430664,76228,0.0,0.0,0.0
2022-09-27 15:30:00-04:00,122.83000183105469,123.19999694824219,122.5199966430664,123.01000213623047,28647,0.0,0.0,0.0
2022-09-28 09:30:00-04:00,122.87999725341797,123.37999725341797,122.01000213623047,123.37999725341797,87771,0.0,0.0,0.0
2022-09-28 10:30:00-04:00,123.3499984741211,123.95999908447266,123.20999908447266,123.62999725341797,78359,0.0,0.0,0.0
2022-09-28 11:30:00-04:00,123.58999633789062,124.41999816894531,123.41999816894531,124.03990173339844,33007,0.0,0.0,0.0
2022-09-28 12:30:00-04:00,124.08000183105469,124.63999938964844,123.97000122070312,124.38999938964844,47962,0.0,0.0,0.0
2022-09-28 13:30:00-04:00,124.34500122070312,124.41999816894531,124.01000213623047,124.30999755859375,0,0.0,0.0,0.0
2022-09-28 14:30:00-04:00,124.31999969482422,125.1500015258789,124.29000091552734,125.05999755859375,337781,0.0,0.0,0.0
2022-09-28 15:30:00-04:00,125.25,125.56999969482422,124.91999816894531,124.91999816894531,32866,0.0,0.0,0.0
2022-09-29 09:30:00-04:00,123.4000015258789,123.44999694824219,121.2300033569336,121.61499786376953,41754,0.0,0.0,0.0
2022-09-29 10:30:00-04:00,121.51000213623047,122.08000183105469,121.20999908447266,121.72000122070312,83585,0.0,0.0,0.0
2022-09-29 11:30:00-04:00,121.73999786376953,122.37000274658203,121.58090209960938,121.70169830322266,37993,0.0,0.0,0.0
2022-09-29 12:30:00-04:00,121.70999908447266,121.83000183105469,121.22000122070312,121.30000305175781,34229,0.0,0.0,0.0
2022-09-29 13:30:00-04:00,121.24449920654297,121.51000213623047,120.44999694824219,120.84719848632812,42872,0.0,0.0,0.0
2022-09-29 14:30:00-04:00,120.88999938964844,121.2970962524414,120.54000091552734,121.0999984741211,101058,0.0,0.0,0.0
2022-09-29 15:30:00-04:00,121.18000030517578,121.91829681396484,121.18000030517578,121.79000091552734,33389,0.0,0.0,0.0
2022-09-30 09:30:00-04:00,121.20999908447266,122.0199966430664,120.73999786376953,121.8499984741211,72328,0.0,0.0,0.0
2022-09-30 10:30:00-04:00,121.83999633789062,122.83999633789062,121.83000183105469,122.61000061035156,49029,0.0,0.0,0.0
2022-09-30 11:30:00-04:00,122.55000305175781,122.71499633789062,121.37999725341797,121.72000122070312,40691,0.0,0.0,0.0
2022-09-30 12:30:00-04:00,121.61000061035156,121.9000015258789,121.33999633789062,121.57499694824219,88363,0.0,0.0,0.0
2022-09-30 13:30:00-04:00,121.55999755859375,121.58000183105469,120.73999786376953,120.9000015258789,103647,0.0,0.0,0.0
2022-09-30 14:30:00-04:00,120.91999816894531,121.08999633789062,120.20999908447266,120.62999725341797,46032,0.0,0.0,0.0
2022-09-30 15:30:00-04:00,120.62999725341797,120.80999755859375,119.48999786376953,119.54000091552734,66325,0.0,0.0,0.0
2022-10-03 09:30:00-04:00,120.2699966430664,121.41999816894531,119.73999786376953,121.31999969482422,46056,0.0,0.0,0.0
2022-10-03 10:30:00-04:00,121.41000366210938,121.62999725341797,121.20999908447266,121.51000213623047,65373,0.0,0.0,0.0
2022-10-03 11:30:00-04:00,121.56999969482422,121.58000183105469,120.98999786376953,121.0999984741211,41873,0.0,0.0,0.0
2022-10-03 12:30:00-04:00,121.09149932861328,121.81580352783203,121.02999877929688,121.72000122070312,35906,0.0,0.0,0.0
2022-10-03 13:30:00-04:00,121.7699966430664,122.55000305175781,121.76000213623047,122.55000305175781,35714,0.0,0.0,0.0
2022-10-03 14:30:00-04:00,122.55999755859375,122.9000015258789,122.4800033569336,122.7300033569336,43218,0.0,0.0,0.0
2022-10-03 15:30:00-04:00,122.79000091552734,122.80829620361328,122.0199966430664,122.2300033569336,49198,0.0,0.0,0.0
2022-10-04 09:30:00-04:00,124.5,126.05000305175781,124.5,125.9000015258789,57356,0.0,0.0,0.0
2022-10-04 10:30:00-04:00,125.83000183105469,126.13999938964844,125.75,126.04000091552734,93674,0.0,0.0,0.0
2022-10-04 11:30:00-04:00,126.01000213623047,126.11000061035156,125.62999725341797,125.91999816894531,42038,0.0,0.0,0.0
2022-10-04 12:30:00-04:00,125.91999816894531,125.97000122070312,124.62999725341797,125.05500030517578,67735,0.0,0.0,0.0
2022-10-04 13:30:00-04:00,125.13999938964844,125.62999725341797,125.04000091552734,125.31999969482422,53618,0.0,0.0,0.0
2022-10-04 14:30:00-04:00,125.30000305175781,125.93000030517578,125.2300033569336,125.58000183105469,37905,0.0,0.0,0.0
2022-10-04 15:30:00-04:00,125.51000213623047,125.95999908447266,125.41000366210938,125.95999908447266,38604,0.0,0.0,0.0
2022-10-05 09:30:00-04:00,124.30000305175781,124.90010070800781,123.62000274658203,123.66000366210938,45389,0.0,0.0,0.0
2022-10-05 10:30:00-04:00,123.56999969482422,124.0999984741211,123.41000366210938,124.02999877929688,48080,0.0,0.0,0.0
2022-10-05 11:30:00-04:00,123.91500091552734,125.0199966430664,123.91500091552734,124.75,21903,0.0,0.0,0.0
2022-10-05 12:30:00-04:00,124.8499984741211,125.80999755859375,124.6500015258789,125.58999633789062,270605,0.0,0.0,0.0
2022-10-05 13:30:00-04:00,125.55999755859375,125.76000213623047,125.25,125.72000122070312,18625,0.0,0.0,0.0
2022-10-05 14:30:00-04:00,125.7300033569336,126.6500015258789,125.55999755859375,126.30000305175781,115918,0.0,0.0,0.0
2022-10-05 15:30:00-04:00,126.3114013671875,126.447998046875,125.6500015258789,125.94000244140625,34297,0.0,0.0,0.0
2022-10-06 09:30:00-04:00,125.36000061035156,126.69999694824219,124.9000015258789,124.92500305175781,78455,0.0,0.0,0.0
2022-10-06 10:30:00-04:00,124.9000015258789,126.11000061035156,124.9000015258789,125.98999786376953,76587,0.0,0.0,0.0
2022-10-06 11:30:00-04:00,125.94000244140625,126.16000366210938,125.16429901123047,125.49500274658203,44937,0.0,0.0,0.0
2022-10-06 12:30:00-04:00,125.44999694824219,125.91999816894531,125.36000061035156,125.79000091552734,53268,0.0,0.0,0.0
2022-10-06 13:30:00-04:00,125.6500015258789,125.80000305175781,125.24610137939453,125.36000061035156,21657,0.0,0.0,0.0
2022-10-06 14:30:00-04:00,125.36000061035156,125.46009826660156,124.70999908447266,125.1677017211914,127065,0.0,0.0,0.0
2022-10-06 15:30:00-04:00,125.31999969482422,125.31999969482422,124.73999786376953,124.83999633789062,28294,0.0,0.0,0.0
2022-10-07 09:30:00-04:00,122.91000366210938,122.91000366210938,121.5199966430664,121.75,36703,0.0,0.0,0.0
2022-10-07 10:30:00-04:00,121.8550033569336,122.05000305175781,121.38999938964844,121.51000213623047,27903,0.0,0.0,0.0
2022-10-07 11:30:00-04:00,121.66000366210938,121.66000366210938,120.9800033569336,121.0250015258789,83001,0.0,0.0,0.0
2022-10-07 12:30:00-04:00,120.87000274658203,120.91999816894531,120.52999877929688,120.79000091552734,25779,0.0,0.0,0.0
2022-10-07 13:30:00-04:00,120.74340057373047,120.9364013671875,120.37999725341797,120.39990234375,109949,0.0,0.0,0.0
2022-10-07 14:30:00-04:00,120.4198989868164,120.7699966430664,120.12999725341797,120.12999725341797,23288,0.0,0.0,0.0
2022-10-07 15:30:00-04:00,120.0999984741211,120.68000030517578,119.88999938964844,120.45999908447266,38385,0.0,0.0,0.0
2022-10-10 09:30:00-04:00,120.66999816894531,120.72000122070312,119.41999816894531,119.98999786376953,37146,0.0,0.0,0.0
2022-10-10 10:30:00-04:00,119.94999694824219,120.12000274658203,118.94999694824219,119.2301025390625,114819,0.0,0.0,0.0
2022-10-10 11:30:00-04:00,119.2699966430664,119.7313003540039,118.79000091552734,118.80999755859375,72051,0.0,0.0,0.0
2022-10-10 12:30:00-04:00,118.8550033569336,118.94000244140625,118.31999969482422,118.83999633789062,51749,0.0,0.0,0.0
2022-10-10 13:30:00-04:00,118.80999755859375,120.12000274658203,118.79000091552734,119.58999633789062,46927,0.0,0.0,0.0
2022-10-10 14:30:00-04:00,119.44999694824219,120.04000091552734,119.36000061035156,119.62000274658203,36988,0.0,0.0,0.0
2022-10-10 15:30:00-04:00,119.5999984741211,119.94000244140625,119.33000183105469,119.33000183105469,23885,0.0,0.0,0.0
2022-10-11 09:30:00-04:00,118.66999816894531,118.8499984741211,117.61000061035156,118.05999755859375,73447,0.0,0.0,0.0
2022-10-11 10:30:00-04:00,117.88999938964844,118.97000122070312,117.88999938964844,118.68000030517578,33299,0.0,0.0,0.0
2022-10-11 11:30:00-04:00,119.0,119.75,118.91999816894531,119.5199966430664,39856,0.0,0.0,0.0
2022-10-11 12:30:00-04:00,119.62999725341797,120.1500015258789,119.41000366210938,119.47010040283203,90508,0.0,0.0,0.0
2022-10-11 13:30:00-04:00,119.4800033569336,119.73999786376953,119.0999984741211,119.37000274658203,109684,0.0,0.0,0.0
2022-10-11 14:30:00-04:00,119.43000030517578,119.52999877929688,117.5,117.97000122070312,114611,0.0,0.0,0.0
2022-10-11 15:30:00-04:00,117.95999908447266,118.3499984741211,117.7300033569336,118.23999786376953,36732,0.0,0.0,0.0
2022-10-12 09:30:00-04:00,118.38999938964844,119.19000244140625,117.9000015258789,118.62000274658203,51698,0.0,0.0,0.0
2022-10-12 10:30:00-04:00,118.47000122070312,118.80999755859375,117.9800033569336,118.56999969482422,51391,0.0,0.0,0.0
2022-10-12 11:30:00-04:00,118.55000305175781,118.98999786376953,118.36000061035156,118.4000015258789,25840,0.0,0.0,0.0
2022-10-12 12:30:00-04:00,118.33999633789062,118.72000122070312,118.20999908447266,118.58000183105469,32411,0.0,0.0,0.0
2022-10-12 13:30:00-04:00,118.54000091552734,118.94000244140625,118.1500015258789,118.94000244140625,39568,0.0,0.0,0.0
2022-10-12 14:30:00-04:00,118.97000122070312,119.04000091552734,118.19000244140625,118.41000366210938,100849,0.0,0.0,0.0
2022-10-12 15:30:00-04:00,118.3499984741211,118.62000274658203,118.12999725341797,118.1500015258789,39342,0.0,0.0,0.0
2022-10-13 09:30:00-04:00,115.16000366210938,116.63999938964844,114.66000366210938,115.87999725341797,91822,0.0,0.0,0.0
2022-10-13 10:30:00-04:00,115.87999725341797,119.66000366210938,115.87000274658203,118.83200073242188,127816,0.0,0.0,0.0
2022-10-13 11:30:00-04:00,119.12000274658203,120.7300033569336,118.76000213623047,119.30000305175781,80764,0.0,0.0,0.0
2022-10-13 12:30:00-04:00,119.3499984741211,120.75,119.25,120.58999633789062,110659,0.0,0.0,0.0
2022-10-13 13:30:00-04:00,120.66000366210938,121.06999969482422,120.08999633789062,120.08999633789062,91930,0.0,0.0,0.0
2022-10-13 14:30:00-04:00,120.22000122070312,121.46640014648438,120.22000122070312,120.97000122070312,55674,0.0,0.0,0.0
2022-10-13 15:30:00-04:00,120.94000244140625,121.37999725341797,120.5999984741211,120.93000030517578,31472,0.0,0.0,0.0
2022-10-14 09:30:00-04:00,121.98999786376953,122.26000213623047,118.86000061035156,119.41000366210938,84914,0.0,0.0,0.0
2022-10-14 10:30:00-04:00,119.33000183105469,119.7699966430664,118.69999694824219,119.4000015258789,50873,0.0,0.0,0.0
2022-10-14 11:30:00-04:00,119.29000091552734,119.30000305175781,118.06999969482422,118.23999786376953,75265,0.0,0.0,0.0
2022-10-14 12:30:00-04:00,118.45999908447266,118.7300033569336,118.0199966430664,118.31999969482422,30911,0.0,0.0,0.0
2022-10-14 13:30:00-04:00,118.30000305175781,118.52999877929688,117.72000122070312,117.94999694824219,74980,0.0,0.0,0.0
2022-10-14 14:30:00-04:00,117.9000015258789,118.26000213623047,117.63999938964844,117.9800033569336,64676,0.0,0.0,0.0
2022-10-14 15:30:00-04:00,117.87000274658203,118.20999908447266,117.36000061035156,117.5999984741211,48982,0.0,0.0,0.0
2022-10-17 09:30:00-04:00,119.94999694824219,121.41999816894531,119.94999694824219,120.98200225830078,34088,0.0,0.0,0.0
2022-10-17 10:30:00-04:00,121.08000183105469,121.20999908447266,120.27999877929688,120.92780303955078,37760,0.0,0.0,0.0
2022-10-17 11:30:00-04:00,120.93000030517578,121.37999725341797,120.8499984741211,121.12999725341797,44445,0.0,0.0,0.0
2022-10-17 12:30:00-04:00,121.1500015258789,121.31999969482422,120.79000091552734,121.18000030517578,38164,0.0,0.0,0.0
2022-10-17 13:30:00-04:00,121.20999908447266,121.61000061035156,121.12000274658203,121.25990295410156,22035,0.0,0.0,0.0
2022-10-17 14:30:00-04:00,121.20999908447266,121.47000122070312,121.05999755859375,121.27999877929688,33250,0.0,0.0,0.0
2022-10-17 15:30:00-04:00,121.33000183105469,121.5199966430664,121.08000183105469,121.19999694824219,22561,0.0,0.0,0.0
2022-10-18 09:30:00-04:00,124.29000091552734,124.58999633789062,122.97000122070312,122.97000122070312,53390,0.0,0.0,0.0
2022-10-18 10:30:00-04:00,123.04000091552734,123.23999786376953,121.55999755859375,121.7300033569336,74849,0.0,0.0,0.0
2022-10-18 11:30:00-04:00,121.73999786376953,122.5999984741211,121.33999633789062,122.12999725341797,37678,0.0,0.0,0.0
2022-10-18 12:30:00-04:00,122.19000244140625,122.83999633789062,121.94000244140625,122.52999877929688,258490,0.0,0.0,0.0
2022-10-18 13:30:00-04:00,122.55000305175781,123.08000183105469,122.54000091552734,122.87999725341797,32105,0.0,0.0,0.0
2022-10-18 14:30:00-04:00,122.87000274658203,122.87000274658203,121.31999969482422,121.97000122070312,62961,0.0,0.0,0.0
2022-10-18 15:30:00-04:00,121.98999786376953,122.55000305175781,121.98999786376953,122.55000305175781,26762,0.0,0.0,0.0
2022-10-19 09:30:00-04:00,121.62000274658203,123.02999877929688,121.56999969482422,123.02999877929688,33395,0.0,0.0,0.0
2022-10-19 10:30:00-04:00,123.0199966430664,123.0199966430664,122.05000305175781,122.12000274658203,29366,0.0,0.0,0.0
2022-10-19 11:30:00-04:00,122.0999984741211,122.44999694824219,121.75,121.80000305175781,0,0.0,0.0,0.0
2022-10-19 12:30:00-04:00,121.8499984741211,122.05999755859375,120.80000305175781,121.18000030517578,129634,0.0,0.0,0.0
2022-10-19 13:30:00-04:00,121.2300033569336,121.83999633789062,120.97000122070312,121.73999786376953,0,0.0,0.0,0.0
2022-10-19 14:30:00-04:00,121.76000213623047,121.87999725341797,121.25,121.54000091552734,199228,0.0,0.0,0.0
2022-10-19 15:30:00-04:00,121.56999969482422,121.94999694824219,121.48999786376953,121.94000244140625,16130,0.0,0.0,0.0
2022-10-20 09:30:00-04:00,121.56999969482422,123.51000213623047,121.29000091552734,123.4000015258789,59380,0.0,0.0,0.0
2022-10-20 10:30:00-04:00,123.5,123.5,122.70999908447266,122.88999938964844,67653,0.0,0.0,0.0
2022-10-20 11:30:00-04:00,122.88999938964844,123.3499984741211,122.05000305175781,122.16000366210938,27456,0.0,0.0,0.0
2022-10-20 12:30:00-04:00,122.16999816894531,122.22000122070312,121.5,121.7699966430664,48867,0.0,0.0,0.0
2022-10-20 13:30:00-04:00,121.7699966430664,121.7699966430664,120.80999755859375,120.87999725341797,68053,0.0,0.0,0.0
2022-10-20 14:30:00-04:00,120.81999969482422,121.44000244140625,120.73249816894531,120.9800033569336,78491,0.0,0.0,0.0
2022-10-20 15:30:00-04:00,121.04299926757812,121.45999908447266,120.80000305175781,121.13999938964844,15512,0.0,0.0,0.0
2022-10-21 09:30:00-04:00,120.8499984741211,122.70999908447266,120.36000061035156,121.7300033569336,61732,0.0,0.0,0.0
2022-10-21 10:30:00-04:00,121.66999816894531,122.01000213623047,121.06999969482422,121.69999694824219,68070,0.0,0.0,0.0
2022-10-21 11:30:00-04:00,121.77999877929688,123.01000213623047,121.70999908447266,122.37000274658203,128134,0.0,0.0,0.0
2022-10-21 12:30:00-04:00,122.43000030517578,123.22000122070312,122.33000183105469,123.0199966430664,46174,0.0,0.0,0.0
2022-10-21 13:30:00-04:00,123.08999633789062,123.76000213623047,123.01239776611328,123.5,26426,0.0,0.0,0.0
2022-10-21 14:30:00-04:00,123.55000305175781,124.30000305175781,123.33999633789062,124.30000305175781,62188,0.0,0.0,0.0
2022-10-21 15:30:00-04:00,124.23999786376953,124.3499984741211,124.07499694824219,124.19999694824219,30568,0.0,0.0,0.0
2022-10-24 09:30:00-04:00,124.58999633789062,125.3499984741211,123.23999786376953,123.69000244140625,56752,0.0,0.0,0.0
2022-10-24 10:30:00-04:00,123.69000244140625,124.77999877929688,123.62000274658203,124.77999877929688,46166,0.0,0.0,0.0
2022-10-24 11:30:00-04:00,124.7300033569336,125.45999908447266,124.58999633789062,125.35639953613281,28466,0.0,0.0,0.0
2022-10-24 12:30:00-04:00,125.19000244140625,125.38999938964844,124.79000091552734,124.80000305175781,37818,0.0,0.0,0.0
2022-10-24 13:30:00-04:00,124.83000183105469,125.41000366210938,124.70999908447266,125.37000274658203,91938,0.0,0.0,0.0
2022-10-24 14:30:00-04:00,125.41999816894531,126.19000244140625,125.41999816894531,126.04000091552734,200069,0.0,0.0,0.0
2022-10-24 15:30:00-04:00,126.08999633789062,126.08999633789062,125.55000305175781,125.7699966430664,23357,0.0,0.0,0.0
2022-10-25 09:30:00-04:00,126.01000213623047,127.31500244140625,125.91000366210938,127.23999786376953,100996,0.0,0.0,0.0
2022-10-25 10:30:00-04:00,127.22000122070312,127.58000183105469,126.91999816894531,127.55999755859375,52329,0.0,0.0,0.0
2022-10-25 11:30:00-04:00,127.58000183105469,127.80999755859375,127.48999786376953,127.66999816894531,77753,0.0,0.0,0.0
2022-10-25 12:30:00-04:00,127.69999694824219,127.70999908447266,127.05999755859375,127.25,45948,0.0,0.0,0.0
2022-10-25 13:30:00-04:00,127.37999725341797,127.7300033569336,127.12000274658203,127.70999908447266,23278,0.0,0.0,0.0
2022-10-25 14:30:00-04:00,127.70999908447266,127.97000122070312,127.54000091552734,127.95999908447266,27675,0.0,0.0,0.0
2022-10-25 15:30:00-04:00,128.0,128.10000610351562,127.86000061035156,128.00999450683594,21891,0.0,0.0,0.0
2022-10-26 09:30:00-04:00,125.22000122070312,126.51000213623047,125.22000122070312,126.45999908447266,61743,0.0,0.0,0.0
2022-10-26 10:30:00-04:00,126.47000122070312,127.55999755859375,126.30000305175781,127.53099822998047,80686,0.0,0.0,0.0
2022-10-26 11:30:00-04:00,127.48999786376953,127.81999969482422,127.16999816894531,127.30000305175781,26911,0.0,0.0,0.0
2022-10-26 12:30:00-04:00,127.26000213623047,127.37999725341797,125.79000091552734,125.81999969482422,29059,0.0,0.0,0.0
2022-10-26 13:30:00-04:00,125.68000030517578,126.29000091552734,125.62999725341797,125.68000030517578,25889,0.0,0.0,0.0
2022-10-26 14:30:00-04:00,125.66000366210938,125.81999969482422,125.2699966430664,125.55999755859375,25423,0.0,0.0,0.0
2022-10-26 15:30:00-04:00,125.56999969482422,125.69999694824219,125.29000091552734,125.33000183105469,19536,0.0,0.0,0.0
2022-10-27 09:30:00-04:00,125.75,126.11000061035156,124.16999816894531,125.73999786376953,60006,0.0,0.0,0.0
2022-10-27 10:30:00-04:00,125.73999786376953,125.94000244140625,124.69000244140625,124.83000183105469,67269,0.0,0.0,0.0
2022-10-27 11:30:00-04:00,124.7699966430664,125.01000213623047,123.93000030517578,123.93000030517578,61192,0.0,0.0,0.0
2022-10-27 12:30:00-04:00,123.93000030517578,124.80000305175781,123.93000030517578,124.38999938964844,77406,0.0,0.0,0.0
2022-10-27 13:30:00-04:00,124.41999816894531,124.44000244140625,123.83999633789062,124.02999877929688,23283,0.0,0.0,0.0
2022-10-27 14:30:00-04:00,123.93000030517578,124.30999755859375,123.80999755859375,124.27999877929688,24447,0.0,0.0,0.0
2022-10-27 15:30:00-04:00,124.26000213623047,124.45999908447266,123.81999969482422,123.95999908447266,30640,0.0,0.0,0.0
2022-10-28 09:30:00-04:00,123.25,125.41000366210938,123.1500015258789,125.2300033569336,56268,0.0,0.0,0.0
2022-10-28 10:30:00-04:00,125.37999725341797,126.41000366210938,125.3499984741211,125.94000244140625,55250,0.0,0.0,0.0
2022-10-28 11:30:00-04:00,125.98999786376953,126.44000244140625,125.7300033569336,126.43000030517578,33024,0.0,0.0,0.0
2022-10-28 12:30:00-04:00,126.45500183105469,126.80829620361328,126.2699966430664,126.70999908447266,23912,0.0,0.0,0.0
2022-10-28 13:30:00-04:00,126.75990295410156,126.91999816894531,126.55999755859375,126.87000274658203,22221,0.0,0.0,0.0
2022-10-28 14:30:00-04:00,126.8499984741211,127.31999969482422,126.83000183105469,127.26460266113281,27371,0.0,0.0,0.0
2022-10-28 15:30:00-04:00,127.20999908447266,127.43000030517578,127.12000274658203,127.22000122070312,18561,0.0,0.0,0.0
2022-10-31 09:30:00-04:00,126.30000305175781,126.43499755859375,125.38999938964844,125.45999908447266,43175,0.0,0.0,0.0
2022-10-31 10:30:00-04:00,125.31999969482422,126.2300033569336,125.31999969482422,126.22000122070312,33550,0.0,0.0,0.0
2022-10-31 11:30:00-04:00,126.1500015258789,126.58000183105469,125.93000030517578,126.2699966430664,28308,0.0,0.0,0.0
2022-10-31 12:30:00-04:00,126.13999938964844,126.36000061035156,125.81999969482422,126.36000061035156,16448,0.0,0.0,0.0
2022-10-31 13:30:00-04:00,126.33000183105469,126.41999816894531,126.0199966430664,126.2300033569336,12853,0.0,0.0,0.0
2022-10-31 14:30:00-04:00,126.13999938964844,126.47000122070312,125.63999938964844,125.97000122070312,26490,0.0,0.0,0.0
2022-10-31 15:30:00-04:00,125.94999694824219,126.26000213623047,125.76000213623047,125.9000015258789,34036,0.0,0.0,0.0
2022-11-01 09:30:00-04:00,127.23999786376953,127.43000030517578,124.83999633789062,125.29000091552734,55333,0.0,0.0,0.0
2022-11-01 10:30:00-04:00,125.33999633789062,125.3499984741211,124.3552017211914,124.54000091552734,27307,0.0,0.0,0.0
2022-11-01 11:30:00-04:00,124.74500274658203,124.9000015258789,124.12010192871094,124.30999755859375,22847,0.0,0.0,0.0
2022-11-01 12:30:00-04:00,124.33000183105469,124.5999984741211,124.05999755859375,124.3750991821289,39142,0.0,0.0,0.0
2022-11-01 13:30:00-04:00,124.33999633789062,124.5199966430664,124.21050262451172,124.44000244140625,9776,0.0,0.0,0.0
2022-11-01 14:30:00-04:00,124.43000030517578,124.66000366210938,124.2300033569336,124.47000122070312,19679,0.0,0.0,0.0
2022-11-01 15:30:00-04:00,124.41000366210938,124.62999725341797,124.33000183105469,124.33000183105469,27073,0.0,0.0,0.0
2022-11-02 09:30:00-04:00,124.26000213623047,124.26000213623047,123.49500274658203,123.54000091552734,27062,0.0,0.0,0.0
2022-11-02 10:30:00-04:00,123.4708023071289,123.76000213623047,123.18000030517578,123.2300033569336,47300,0.0,0.0,0.0
2022-11-02 11:30:00-04:00,123.19999694824219,123.36000061035156,122.91999816894531,122.91999816894531,49832,0.0,0.0,0.0
2022-11-02 12:30:00-04:00,122.93000030517578,123.26000213623047,122.80999755859375,123.12319946289062,17872,0.0,0.0,0.0
2022-11-02 13:30:00-04:00,123.0999984741211,125.2699966430664,123.0999984741211,125.2699966430664,84802,0.0,0.0,0.0
2022-11-02 14:30:00-04:00,125.30999755859375,125.5199966430664,120.94999694824219,121.16999816894531,145340,0.0,0.0,0.0
2022-11-02 15:30:00-04:00,120.95999908447266,121.33000183105469,120.41000366210938,120.41000366210938,46260,0.0,0.0,0.0
2022-11-03 09:30:00-04:00,119.18000030517578,119.37000274658203,118.0,119.30999755859375,53459,0.0,0.0,0.0
2022-11-03 10:30:00-04:00,119.31999969482422,119.61000061035156,118.70999908447266,118.70999908447266,26170,0.0,0.0,0.0
2022-11-03 11:30:00-04:00,118.56999969482422,119.1500015258789,118.4000015258789,119.05000305175781,27418,0.0,0.0,0.0
2022-11-03 12:30:00-04:00,119.0,119.44000244140625,118.80999755859375,118.81999969482422,20790,0.0,0.0,0.0
2022-11-03 13:30:00-04:00,118.8499984741211,118.92009735107422,118.55259704589844,118.92009735107422,20238,0.0,0.0,0.0
2022-11-03 14:30:00-04:00,118.91999816894531,119.02100372314453,118.66000366210938,118.80999755859375,20357,0.0,0.0,0.0
2022-11-03 15:30:00-04:00,118.80000305175781,118.94999694824219,118.0199966430664,118.08000183105469,30043,0.0,0.0,0.0
2022-11-04 09:30:00-04:00,120.11000061035156,120.41000366210938,118.05000305175781,120.12999725341797,66892,0.0,0.0,0.0
2022-11-04 10:30:00-04:00,120.16000366210938,120.5,118.68000030517578,118.68000030517578,42605,0.0,0.0,0.0
2022-11-04 11:30:00-04:00,118.66000366210938,118.87999725341797,117.43000030517578,118.41999816894531,71005,0.0,0.0,0.0
2022-11-04 12:30:00-04:00,118.27999877929688,118.38909912109375,117.22000122070312,117.5199966430664,37420,0.0,0.0,0.0
2022-11-04 13:30:00-04:00,117.58000183105469,118.01000213623047,117.0999984741211,117.87000274658203,23513,0.0,0.0,0.0
2022-11-04 14:30:00-04:00,117.91000366210938,119.08999633789062,117.80000305175781,118.79000091552734,38072,0.0,0.0,0.0
2022-11-04 15:30:00-04:00,118.68720245361328,119.51000213623047,118.67279815673828,119.5,19565,0.0,0.0,0.0
2022-11-07 09:30:00-05:00,119.83999633789062,120.06999969482422,119.02999877929688,119.44999694824219,29043,0.0,0.0,0.0
2022-11-07 10:30:00-05:00,119.45999908447266,120.0,119.23999786376953,119.94000244140625,37967,0.0,0.0,0.0
2022-11-07 11:30:00-05:00,119.94999694824219,119.98999786376953,119.08999633789062,119.55460357666016,55309,0.0,0.0,0.0
2022-11-07 12:30:00-05:00,119.55999755859375,120.01000213623047,119.43000030517578,119.83000183105469,24728,0.0,0.0,0.0
2022-11-07 13:30:00-05:00,119.87000274658203,120.66000366210938,119.70999908447266,120.6500015258789,22371,0.0,0.0,0.0
2022-11-07 14:30:00-05:00,120.7074966430664,120.92500305175781,120.55999755859375,120.87000274658203,41189,0.0,0.0,0.0
2022-11-07 15:30:00-05:00,120.89230346679688,121.0199966430664,120.61000061035156,120.80000305175781,14148,0.0,0.0,0.0
2022-11-08 09:30:00-05:00,121.48999786376953,121.54000091552734,120.66999816894531,121.3499984741211,34486,0.0,0.0,0.0
2022-11-08 10:30:00-05:00,121.51000213623047,122.37000274658203,121.51000213623047,122.37000274658203,79136,0.0,0.0,0.0
2022-11-08 11:30:00-05:00,122.37000274658203,122.7300033569336,122.30999755859375,122.44000244140625,30482,0.0,0.0,0.0
2022-11-08 12:30:00-05:00,122.44120025634766,122.68000030517578,121.44999694824219,121.45999908447266,80978,0.0,0.0,0.0
2022-11-08 13:30:00-05:00,121.41999816894531,121.69000244140625,120.05999755859375,120.08000183105469,61180,0.0,0.0,0.0
2022-11-08 14:30:00-05:00,120.02999877929688,121.68000030517578,119.97000122070312,121.68000030517578,185909,0.0,0.0,0.0
2022-11-08 15:30:00-05:00,121.7300033569336,122.16000366210938,121.41999816894531,121.46369934082031,0,0.0,0.0,0.0
2022-11-09 09:30:00-05:00,120.6500015258789,120.94000244140625,120.11000061035156,120.41999816894531,49465,0.0,0.0,0.0
2022-11-09 10:30:00-05:00,120.5,120.5,119.8499984741211,120.26000213623047,44896,0.0,0.0,0.0
2022-11-09 11:30:00-05:00,120.19999694824219,120.6500015258789,119.86000061035156,119.91999816894531,29385,0.0,0.0,0.0
2022-11-09 12:30:00-05:00,119.94000244140625,120.05999755859375,119.43499755859375,119.43499755859375,46286,0.0,0.0,0.0
2022-11-09 13:30:00-05:00,119.41999816894531,119.41999816894531,118.82990264892578,119.23999786376953,40147,0.0,0.0,0.0
2022-11-09 14:30:00-05:00,119.16999816894531,119.16999816894531,118.5999984741211,118.97000122070312,38220,0.0,0.0,0.0
2022-11-09 15:30:00-05:00,118.83000183105469,118.97000122070312,118.3499984741211,118.5199966430664,28849,0.0,0.0,0.0
2022-11-10 09:30:00-05:00,123.69999694824219,125.0999984741211,123.0,124.76000213623047,41222,0.0,0.0,0.0
2022-11-10 10:30:00-05:00,124.37000274658203,125.12000274658203,124.01000213623047,125.04499816894531,52758,0.0,0.0,0.0
2022-11-10 11:30:00-05:00,125.1500015258789,125.52999877929688,125.13500213623047,125.18000030517578,15991,0.0,0.0,0.0
2022-11-10 12:30:00-05:00,125.10549926757812,125.25,124.58999633789062,125.11000061035156,58926,0.0,0.0,0.0
2022-11-10 13:30:00-05:00,125.1500015258789,125.54000091552734,124.91999816894531,125.43000030517578,16233,0.0,0.0,0.0
2022-11-10 14:30:00-05:00,125.37940216064453,126.1500015258789,125.37940216064453,126.1500015258789,34954,0.0,0.0,0.0
2022-11-10 15:30:00-05:00,126.16999816894531,126.87999725341797,126.12699890136719,126.70999908447266,49879,0.0,0.0,0.0
2022-11-11 09:30:00-05:00,126.83999633789062,127.94000244140625,126.30000305175781,127.9000015258789,61197,0.0,0.0,0.0
2022-11-11 10:30:00-05:00,127.87999725341797,128.0399932861328,126.83999633789062,126.83999633789062,47990,0.0,0.0,0.0
2022-11-11 11:30:00-05:00,126.75669860839844,127.62999725341797,126.75669860839844,127.57859802246094,33669,0.0,0.0,0.0
2022-11-11 12:30:00-05:00,127.7300033569336,128.33999633789062,127.37000274658203,128.33999633789062,22620,0.0,0.0,0.0
2022-11-11 13:30:00-05:00,128.3300018310547,128.6699981689453,128.17999267578125,128.618896484375,27198,0.0,0.0,0.0
2022-11-11 14:30:00-05:00,128.60389709472656,128.82000732421875,128.1199951171875,128.50999450683594,42099,0.0,0.0,0.0
2022-11-11 15:30:00-05:00,128.5500030517578,128.83999633789062,128.36000061035156,128.64999389648438,33387,0.0,0.0,0.0
2022-11-14 09:30:00-05:00,127.72000122070312,128.0800018310547,127.05999755859375,127.66000366210938,45300,0.0,0.0,0.0
2022-11-14 10:30:00-05:00,127.7300033569336,128.02090454101562,127.26000213623047,127.41619873046875,24870,0.0,0.0,0.0
2022-11-14 11:30:00-05:00,127.31999969482422,128.24000549316406,127.31999969482422,127.98650360107422,24557,0.0,0.0,0.0
2022-11-14 12:30:00-05:00,128.10000610351562,128.67999267578125,128.10000610351562,128.67999267578125,10738,0.0,0.0,0.0
2022-11-14 13:30:00-05:00,128.69000244140625,128.85000610351562,128.55999755859375,128.76210021972656,63048,0.0,0.0,0.0
2022-11-14 14:30:00-05:00,128.7550048828125,128.77999877929688,128.0511016845703,128.22999572753906,30107,0.0,0.0,0.0
2022-11-14 15:30:00-05:00,128.16000366210938,128.19000244140625,127.15499877929688,127.16999816894531,18859,0.0,0.0,0.0
2022-11-15 09:30:00-05:00,129.94000244140625,130.3000030517578,129.39999389648438,130.05909729003906,24814,0.0,0.0,0.0
2022-11-15 10:30:00-05:00,129.91000366210938,130.10000610351562,129.13999938964844,129.50999450683594,54613,0.0,0.0,0.0
2022-11-15 11:30:00-05:00,129.5800018310547,130.02000427246094,129.4199981689453,129.4199981689453,29864,0.0,0.0,0.0
2022-11-15 12:30:00-05:00,129.41000366210938,129.5,127.83999633789062,127.9800033569336,45646,0.0,0.0,0.0
2022-11-15 13:30:00-05:00,127.94000244140625,128.8300018310547,127.19999694824219,128.6199951171875,94438,0.0,0.0,0.0
2022-11-15 14:30:00-05:00,128.63999938964844,129.0399932861328,128.22000122070312,128.77040100097656,57722,0.0,0.0,0.0
2022-11-15 15:30:00-05:00,128.81919860839844,128.8800048828125,128.21499633789062,128.58999633789062,26803,0.0,0.0,0.0
2022-11-16 09:30:00-05:00,127.7300033569336,128.0825958251953,127.2699966430664,127.43000030517578,26021,0.0,0.0,0.0
2022-11-16 10:30:00-05:00,127.65010070800781,127.81999969482422,127.1520004272461,127.81999969482422,38377,0.0,0.0,0.0
2022-11-16 11:30:00-05:00,127.91999816894531,128.02999877929688,127.66000366210938,127.9000015258789,30284,0.0,0.0,0.0
2022-11-16 12:30:00-05:00,127.8499984741211,128.35000610351562,127.8499984741211,128.06129455566406,34399,0.0,0.0,0.0
2022-11-16 13:30:00-05:00,128.0800018310547,128.13999938964844,127.52999877929688,127.7396011352539,27696,0.0,0.0,0.0
2022-11-16 14:30:00-05:00,127.66999816894531,127.88999938964844,127.33999633789062,127.48999786376953,39222,0.0,0.0,0.0
2022-11-16 15:30:00-05:00,127.51000213623047,127.83999633789062,127.33000183105469,127.55999755859375,0,0.0,0.0,0.0
2022-11-17 09:30:00-05:00,125.66000366210938,126.79000091552734,125.66000366210938,126.68049621582031,24466,0.0,0.0,0.0
2022-11-17 10:30:00-05:00,126.5999984741211,126.69000244140625,126.16999816894531,126.25,21467,0.0,0.0,0.0
2022-11-17 11:30:00-05:00,126.44999694824219,127.4000015258789,126.44999694824219,127.0999984741211,17371,0.0,0.0,0.0
2022-11-17 12:30:00-05:00,126.95999908447266,127.80500030517578,126.94999694824219,127.58000183105469,181964,0.0,0.0,0.0
2022-11-17 13:30:00-05:00,127.61000061035156,127.70110321044922,126.91999816894531,127.01000213623047,658878,0.0,0.0,0.0
2022-11-17 14:30:00-05:00,127.01000213623047,127.06999969482422,126.47000122070312,126.54000091552734,32990,0.0,0.0,0.0
2022-11-17 15:30:00-05:00,126.55999755859375,127.26000213623047,126.55999755859375,127.25,26975,0.0,0.0,0.0
2022-11-18 09:30:00-05:00,128.52000427246094,128.55999755859375,126.95999908447266,127.23999786376953,40627,0.0,0.0,0.0
2022-11-18 10:30:00-05:00,127.2699966430664,127.43000030517578,126.7699966430664,127.33999633789062,36148,0.0,0.0,0.0
2022-11-18 11:30:00-05:00,127.33989715576172,127.45999908447266,126.5,126.69999694824219,27497,0.0,0.0,0.0
2022-11-18 12:30:00-05:00,126.69539642333984,127.0199966430664,126.47200012207031,127.0,21922,0.0,0.0,0.0
2022-11-18 13:30:00-05:00,127.11000061035156,127.11000061035156,126.63050079345703,126.80000305175781,23785,0.0,0.0,0.0
2022-11-18 14:30:00-05:00,126.81999969482422,127.33999633789062,126.70999908447266,127.29000091552734,29618,0.0,0.0,0.0
2022-11-18 15:30:00-05:00,127.44000244140625,127.77999877929688,127.18000030517578,127.5,45802,0.0,0.0,0.0
2022-11-21 09:30:00-05:00,126.97000122070312,127.31999969482422,126.27999877929688,126.44000244140625,22709,0.0,0.0,0.0
2022-11-21 10:30:00-05:00,126.4000015258789,126.60919952392578,126.12000274658203,126.33000183105469,54468,0.0,0.0,0.0
2022-11-21 11:30:00-05:00,126.36000061035156,126.43000030517578,125.98999786376953,126.0,86325,0.0,0.0,0.0
2022-11-21 12:30:00-05:00,126.01190185546875,126.55000305175781,125.94999694824219,126.48999786376953,28540,0.0,0.0,0.0
2022-11-21 13:30:00-05:00,126.5,126.7300033569336,126.33000183105469,126.4301986694336,29902,0.0,0.0,0.0
2022-11-21 14:30:00-05:00,126.47000122070312,126.5,126.2300033569336,126.2300033569336,25951,0.0,0.0,0.0
2022-11-21 15:30:00-05:00,126.36000061035156,126.45999908447266,126.1500015258789,126.30000305175781,17684,0.0,0.0,0.0
2022-11-22 09:30:00-05:00,126.69999694824219,126.83000183105469,125.97000122070312,126.69999694824219,32787,0.0,0.0,0.0
2022-11-22 10:30:00-05:00,126.62999725341797,127.09500122070312,126.48999786376953,127.0199966430664,48190,0.0,0.0,0.0
2022-11-22 11:30:00-05:00,127.01000213623047,127.19999694824219,126.80000305175781,127.0999984741211,22186,0.0,0.0,0.0
2022-11-22 12:30:00-05:00,127.12930297851562,127.48999786376953,127.02999877929688,127.4749984741211,36449,0.0,0.0,0.0
2022-11-22 13:30:00-05:00,127.4800033569336,127.68000030517578,127.37999725341797,127.48999786376953,78497,0.0,0.0,0.0
2022-11-22 14:30:00-05:00,127.41999816894531,127.85099792480469,127.41999816894531,127.83999633789062,70367,0.0,0.0,0.0
2022-11-22 15:30:00-05:00,127.86170196533203,128.0800018310547,127.8499984741211,128.05999755859375,17491,0.0,0.0,0.0
2022-11-23 09:30:00-05:00,128.08999633789062,129.22000122070312,128.0500030517578,129.13999938964844,47383,0.0,0.0,0.0
2022-11-23 10:30:00-05:00,129.1699981689453,129.4427032470703,129.16000366210938,129.32000732421875,26566,0.0,0.0,0.0
2022-11-23 11:30:00-05:00,129.2899932861328,129.2899932861328,128.36000061035156,128.75999450683594,23024,0.0,0.0,0.0
2022-11-23 12:30:00-05:00,128.6999969482422,128.77999877929688,128.12930297851562,128.64999389648438,19899,0.0,0.0,0.0
2022-11-23 13:30:00-05:00,128.69749450683594,129.49000549316406,128.6199951171875,129.3800048828125,28604,0.0,0.0,0.0
2022-11-23 14:30:00-05:00,129.27999877929688,129.58999633789062,128.9600067138672,129.47720336914062,43660,0.0,0.0,0.0
2022-11-23 15:30:00-05:00,129.3300018310547,129.36000061035156,129.1199951171875,129.36000061035156,15482,0.0,0.0,0.0
2022-11-25 09:30:00-05:00,128.8699951171875,129.16000366210938,128.65969848632812,129.07000732421875,30831,0.0,0.0,0.0
2022-11-25 10:30:00-05:00,129.00999450683594,129.19500732421875,128.8616943359375,128.8616943359375,135993,0.0,0.0,0.0
2022-11-25 11:30:00-05:00,128.8699951171875,129.0,128.7100067138672,129.0,9276,0.0,0.0,0.0
2022-11-28 09:30:00-05:00,127.83999633789062,128.6300048828125,127.6500015258789,127.66410064697266,43493,0.0,0.0,0.0
2022-11-28 10:30:00-05:00,127.95999908447266,127.95999908447266,127.5199966430664,127.83000183105469,22180,0.0,0.0,0.0
2022-11-28 11:30:00-05:00,127.74009704589844,128.10000610351562,127.43000030517578,127.8499984741211,18259,0.0,0.0,0.0
2022-11-28 12:30:00-05:00,127.79000091552734,127.93499755859375,127.3499984741211,127.5199966430664,23659,0.0,0.0,0.0
2022-11-28 13:30:00-05:00,127.4800033569336,127.4800033569336,126.69999694824219,126.75599670410156,24320,0.0,0.0,0.0
2022-11-28 14:30:00-05:00,126.73500061035156,126.94999694824219,126.52010345458984,126.53739929199219,23775,0.0,0.0,0.0
2022-11-28 15:30:00-05:00,126.5250015258789,126.95999908447266,126.51000213623047,126.87000274658203,14952,0.0,0.0,0.0
2022-11-29 09:30:00-05:00,126.79000091552734,126.97000122070312,126.25,126.88999938964844,35649,0.0,0.0,0.0
2022-11-29 10:30:00-05:00,126.95999908447266,126.95999908447266,125.38500213623047,125.45500183105469,24703,0.0,0.0,0.0
2022-11-29 11:30:00-05:00,125.45999908447266,125.93000030517578,125.45999908447266,125.73999786376953,15427,0.0,0.0,0.0
2022-11-29 12:30:00-05:00,125.77999877929688,126.08999633789062,125.53500366210938,125.53500366210938,12043,0.0,0.0,0.0
2022-11-29 13:30:00-05:00,125.4719009399414,126.2300033569336,125.4719009399414,125.77189636230469,39685,0.0,0.0,0.0
2022-11-29 14:30:00-05:00,125.72000122070312,125.89990234375,125.56999969482422,125.82440185546875,29637,0.0,0.0,0.0
2022-11-29 15:30:00-05:00,125.7249984741211,126.00530242919922,125.7249984741211,125.95999908447266,21451,0.0,0.0,0.0
2022-11-30 09:30:00-05:00,125.98999786376953,126.63999938964844,125.98999786376953,126.18000030517578,23198,0.0,0.0,0.0
2022-11-30 10:30:00-05:00,126.19000244140625,126.26000213623047,125.83999633789062,126.2300033569336,34766,0.0,0.0,0.0
2022-11-30 11:30:00-05:00,126.23999786376953,126.41999816894531,125.7699966430664,125.91000366210938,20892,0.0,0.0,0.0
2022-11-30 12:30:00-05:00,125.94999694824219,126.37999725341797,125.8594970703125,126.30000305175781,19643,0.0,0.0,0.0
2022-11-30 13:30:00-05:00,126.25,129.77999877929688,126.0199966430664,129.63999938964844,130913,0.0,0.0,0.0
2022-11-30 14:30:00-05:00,129.65199279785156,130.41000366210938,129.1999969482422,130.41000366210938,43062,0.0,0.0,0.0
2022-11-30 15:30:00-05:00,130.4199981689453,131.3000030517578,130.3699951171875,131.25999450683594,127287,0.0,0.0,0.0
2022-12-01 09:30:00-05:00,131.52000427246094,132.0,130.24000549316406,130.24000549316406,39791,0.0,0.0,0.0
2022-12-01 10:30:00-05:00,130.16000366210938,131.25,130.05999755859375,130.9199981689453,40172,0.0,0.0,0.0
2022-12-01 11:30:00-05:00,130.88999938964844,131.13999938964844,130.49000549316406,131.03500366210938,21870,0.0,0.0,0.0
2022-12-01 12:30:00-05:00,131.13999938964844,131.44000244140625,130.91009521484375,131.0399932861328,23496,0.0,0.0,0.0
2022-12-01 13:30:00-05:00,131.04249572753906,131.3925018310547,130.97999572753906,131.3300018310547,40071,0.0,0.0,0.0
2022-12-01 14:30:00-05:00,131.34500122070312,131.64999389648438,131.19000244140625,131.27000427246094,29980,0.0,0.0,0.0
2022-12-01 15:30:00-05:00,131.25999450683594,131.6199951171875,131.25,131.25,42877,0.0,0.0,0.0
2022-12-02 09:30:00-05:00,129.30999755859375,130.14999389648438,129.30999755859375,129.75999450683594,26513,0.0,0.0,0.0
2022-12-02 10:30:00-05:00,129.83999633789062,130.27999877929688,129.67999267578125,130.10000610351562,28338,0.0,0.0,0.0
2022-12-02 11:30:00-05:00,130.0500030517578,130.64999389648438,130.0500030517578,130.38999938964844,21997,0.0,0.0,0.0
2022-12-02 12:30:00-05:00,130.38999938964844,130.38999938964844,129.97000122070312,130.0800018310547,18331,0.0,0.0,0.0
2022-12-02 13:30:00-05:00,130.2292938232422,130.39999389648438,130.08999633789062,130.30999755859375,27089,0.0,0.0,0.0
2022-12-02 14:30:00-05:00,130.22999572753906,131.35000610351562,130.2100067138672,130.8990020751953,87851,0.0,0.0,0.0
2022-12-02 15:30:00-05:00,130.97689819335938,131.0500030517578,130.61000061035156,130.94000244140625,24915,0.0,0.0,0.0
2022-12-05 09:30:00-05:00,129.89999389648438,130.4600067138672,129.36000061035156,129.7100067138672,45524,0.0,0.0,0.0
2022-12-05 10:30:00-05:00,129.67999267578125,130.26499938964844,129.61000061035156,129.61000061035156,147117,0.0,0.0,0.0
2022-12-05 11:30:00-05:00,129.6260986328125,129.6260986328125,129.11000061035156,129.3112030029297,16178,0.0,0.0,0.0
2022-12-05 12:30:00-05:00,129.30020141601562,129.30499267578125,128.83030700683594,128.91000366210938,12832,0.0,0.0,0.0
2022-12-05 13:30:00-05:00,129.0,129.13999938964844,128.38999938964844,128.4844970703125,61806,0.0,0.0,0.0
2022-12-05 14:30:00-05:00,128.3000030517578,128.5399932861328,128.17340087890625,128.32400512695312,121756,0.0,0.0,0.0
2022-12-05 15:30:00-05:00,128.3300018310547,128.7899932861328,128.30999755859375,128.6999969482422,14750,0.0,0.0,0.0
2022-12-06 09:30:00-05:00,128.7100067138672,128.75999450683594,127.0,127.09500122070312,27525,0.0,0.0,0.0
2022-12-06 10:30:00-05:00,127.12000274658203,127.18560028076172,126.67500305175781,127.08999633789062,31807,0.0,0.0,0.0
2022-12-06 11:30:00-05:00,127.02300262451172,127.19950103759766,126.54000091552734,126.7699966430664,37289,0.0,0.0,0.0
2022-12-06 12:30:00-05:00,126.76000213623047,126.87000274658203,126.28309631347656,126.33000183105469,31876,0.0,0.0,0.0
2022-12-06 13:30:00-05:00,126.36000061035156,126.58000183105469,125.9000015258789,125.9000015258789,78710,0.0,0.0,0.0
2022-12-06 14:30:00-05:00,125.87999725341797,126.30999755859375,125.72000122070312,125.77999877929688,76271,0.0,0.0,0.0
2022-12-06 15:30:00-05:00,125.86000061035156,126.5999984741211,125.83999633789062,126.44999694824219,56774,0.0,0.0,0.0
2022-12-07 09:30:00-05:00,125.9000015258789,126.79000091552734,125.33000183105469,126.18000030517578,42367,0.0,0.0,0.0
2022-12-07 10:30:00-05:00,126.16000366210938,126.68000030517578,125.52999877929688,125.52999877929688,23105,0.0,0.0,0.0
2022-12-07 11:30:00-05:00,125.5199966430664,125.93000030517578,125.45999908447266,125.66639709472656,24023,0.0,0.0,0.0
2022-12-07 12:30:00-05:00,125.69280242919922,126.41999816894531,125.67990112304688,126.30840301513672,12802,0.0,0.0,0.0
2022-12-07 13:30:00-05:00,126.29000091552734,126.29000091552734,125.72000122070312,125.97000122070312,24286,0.0,0.0,0.0
2022-12-07 14:30:00-05:00,125.93810272216797,126.12000274658203,125.5,125.7249984741211,37160,0.0,0.0,0.0
2022-12-07 15:30:00-05:00,125.7699966430664,126.01000213623047,125.73999786376953,125.94999694824219,43691,0.0,0.0,0.0
2022-12-08 09:30:00-05:00,126.48999786376953,127.36000061035156,125.69000244140625,127.26000213623047,25798,0.0,0.0,0.0
2022-12-08 10:30:00-05:00,127.16000366210938,127.43000030517578,126.6500015258789,126.87000274658203,36944,0.0,0.0,0.0
2022-12-08 11:30:00-05:00,126.9800033569336,127.19400024414062,126.87000274658203,126.87000274658203,12643,0.0,0.0,0.0
2022-12-08 12:30:00-05:00,126.91960144042969,127.35990142822266,126.83000183105469,127.3499984741211,11900,0.0,0.0,0.0
2022-12-08 13:30:00-05:00,127.47000122070312,127.61229705810547,126.58000183105469,126.94999694824219,29391,0.0,0.0,0.0
2022-12-08 14:30:00-05:00,126.73999786376953,127.3759994506836,126.70999908447266,127.3759994506836,56120,0.0,0.0,0.0
2022-12-08 15:30:00-05:00,127.43000030517578,127.47000122070312,126.87999725341797,127.27999877929688,20463,0.0,0.0,0.0
2022-12-09 09:30:00-05:00,126.70999908447266,127.41000366210938,126.58999633789062,127.08999633789062,35713,0.0,0.0,0.0
2022-12-09 10:30:00-05:00,127.20999908447266,127.88999938964844,127.20999908447266,127.7499008178711,17480,0.0,0.0,0.0
2022-12-09 11:30:00-05:00,127.76000213623047,128.00399780273438,127.62000274658203,127.67780303955078,14201,0.0,0.0,0.0
2022-12-09 12:30:00-05:00,127.75,127.8843002319336,127.19999694824219,127.3510971069336,11969,0.0,0.0,0.0
2022-12-09 13:30:00-05:00,127.48999786376953,127.55999755859375,127.13999938964844,127.47000122070312,22836,0.0,0.0,0.0
2022-12-09 14:30:00-05:00,127.34750366210938,127.52999877929688,127.27999877929688,127.30000305175781,30598,0.0,0.0,0.0
2022-12-09 15:30:00-05:00,127.31009674072266,127.31009674072266,126.36000061035156,126.41000366210938,12260,0.0,0.0,0.0
2022-12-12 09:30:00-05:00,126.62000274658203,127.12999725341797,126.47000122070312,126.86000061035156,49032,0.0,0.0,0.0
2022-12-12 10:30:00-05:00,126.81999969482422,127.11000061035156,126.45999908447266,126.94999694824219,41787,0.0,0.0,0.0
2022-12-12 11:30:00-05:00,126.95999908447266,127.08000183105469,126.77999877929688,126.98999786376953,34568,0.0,0.0,0.0
2022-12-12 12:30:00-05:00,126.98500061035156,127.31999969482422,126.8550033569336,126.98999786376953,15995,0.0,0.0,0.0
2022-12-12 13:30:00-05:00,127.04000091552734,127.22000122070312,126.95999908447266,127.08999633789062,24435,0.0,0.0,0.0
2022-12-12 14:30:00-05:00,127.09030151367188,127.93000030517578,127.0250015258789,127.90560150146484,29589,0.0,0.0,0.0
2022-12-12 15:30:00-05:00,127.94940185546875,128.22999572753906,127.79000091552734,128.22999572753906,34861,0.0,0.0,0.0
2022-12-13 09:30:00-05:00,132.1999969482422,132.25999450683594,130.42999267578125,130.52000427246094,69741,0.0,0.0,0.0
2022-12-13 10:30:00-05:00,130.47999572753906,130.74000549316406,130.0,130.1999969482422,33843,0.0,0.0,0.0
2022-12-13 11:30:00-05:00,130.41000366210938,130.75,128.19000244140625,128.2899932861328,57901,0.0,0.0,0.0
2022-12-13 12:30:00-05:00,128.31500244140625,128.99000549316406,127.94000244140625,128.89999389648438,55450,0.0,0.0,0.0
2022-12-13 13:30:00-05:00,129.00999450683594,129.13999938964844,128.577392578125,128.85299682617188,38703,0.0,0.0,0.0
2022-12-13 14:30:00-05:00,128.8699951171875,129.49000549316406,128.3300018310547,128.91799926757812,63475,0.0,0.0,0.0
2022-12-13 15:30:00-05:00,128.9199981689453,129.4149932861328,128.85000610351562,129.02999877929688,24396,0.0,0.0,0.0
2022-12-14 09:30:00-05:00,128.75999450683594,130.02000427246094,128.75999450683594,129.89999389648438,22791,0.0,0.0,0.0
2022-12-14 10:30:00-05:00,129.83999633789062,130.08999633789062,129.74000549316406,130.08999633789062,24006,0.0,0.0,0.0
2022-12-14 11:30:00-05:00,130.0800018310547,130.14999389648438,129.6999053955078,129.72000122070312,15924,0.0,0.0,0.0
2022-12-14 12:30:00-05:00,129.69000244140625,129.8000030517578,129.47999572753906,129.63999938964844,10044,0.0,0.0,0.0
2022-12-14 13:30:00-05:00,129.83999633789062,130.2100067138672,127.87000274658203,128.33999633789062,64807,0.0,0.0,0.0
2022-12-14 14:30:00-05:00,128.16000366210938,129.52999877929688,126.8499984741211,127.87999725341797,65952,0.0,0.0,0.0
2022-12-14 15:30:00-05:00,127.73999786376953,128.58999633789062,127.5,128.25999450683594,36913,0.0,0.0,0.0
2022-12-15 09:30:00-05:00,126.20999908447266,126.44000244140625,124.75,125.07499694824219,41247,0.0,0.0,0.0
2022-12-15 10:30:00-05:00,124.9800033569336,125.30999755859375,124.26000213623047,124.5425033569336,28126,0.0,0.0,0.0
2022-12-15 11:30:00-05:00,124.4395980834961,124.5999984741211,124.16000366210938,124.4542007446289,28266,0.0,0.0,0.0
2022-12-15 12:30:00-05:00,124.48999786376953,124.6344985961914,123.80000305175781,123.88189697265625,21329,0.0,0.0,0.0
2022-12-15 13:30:00-05:00,123.78040313720703,124.05000305175781,123.73999786376953,123.88050079345703,19243,0.0,0.0,0.0
2022-12-15 14:30:00-05:00,123.8759994506836,124.62999725341797,123.8759994506836,124.52999877929688,41535,0.0,0.0,0.0
2022-12-15 15:30:00-05:00,124.58999633789062,124.66699981689453,124.01000213623047,124.36000061035156,41023,0.0,0.0,0.0
2022-12-16 09:30:00-05:00,123.83999633789062,124.29000091552734,122.83999633789062,122.87999725341797,50946,0.0,0.0,0.0
2022-12-16 10:30:00-05:00,122.79000091552734,122.91999816894531,122.44999694824219,122.47000122070312,24135,0.0,0.0,0.0
2022-12-16 11:30:00-05:00,122.6906967163086,122.74109649658203,122.22000122070312,122.44499969482422,30872,0.0,0.0,0.0
2022-12-16 12:30:00-05:00,122.5177001953125,122.66999816894531,122.16000366210938,122.20999908447266,51557,0.0,0.0,0.0
2022-12-16 13:30:00-05:00,122.22000122070312,122.62000274658203,122.1802978515625,122.31500244140625,34306,0.0,0.0,0.0
2022-12-16 14:30:00-05:00,122.23999786376953,123.11139678955078,122.07499694824219,123.06999969482422,51502,0.0,0.0,0.0
2022-12-16 15:30:00-05:00,123.11000061035156,123.36699676513672,122.76000213623047,122.76000213623047,49283,0.0,0.0,0.0
2022-12-19 09:30:00-05:00,122.91000366210938,122.91000366210938,121.7699966430664,122.2699966430664,36923,0.0,0.0,0.0
2022-12-19 10:30:00-05:00,122.31990051269531,122.31990051269531,121.45059967041016,121.5,16763,0.0,0.0,0.0
2022-12-19 11:30:00-05:00,121.46499633789062,121.69000244140625,121.16999816894531,121.52999877929688,20725,0.0,0.0,0.0
2022-12-19 12:30:00-05:00,121.45999908447266,121.79000091552734,121.37000274658203,121.5999984741211,13652,0.0,0.0,0.0
2022-12-19 13:30:00-05:00,121.58609771728516,121.58609771728516,120.83000183105469,120.83000183105469,54737,0.0,0.0,0.0
2022-12-19 14:30:00-05:00,120.86000061035156,121.18000030517578,120.70999908447266,120.79000091552734,33294,0.0,0.0,0.0
2022-12-19 15:30:00-05:00,120.77999877929688,121.36000061035156,120.63999938964844,121.26000213623047,39778,0.0,0.0,0.0
2022-12-20 09:30:00-05:00,120.68000030517578,121.54000091552734,120.1500015258789,121.51000213623047,56735,0.0,0.0,0.0
2022-12-20 10:30:00-05:00,121.58000183105469,121.86000061035156,120.44999694824219,120.55999755859375,300009,0.0,0.0,0.0
2022-12-20 11:30:00-05:00,120.66500091552734,121.47000122070312,120.63999938964844,121.37000274658203,34491,0.0,0.0,0.0
2022-12-20 12:30:00-05:00,121.12999725341797,121.45999908447266,120.98999786376953,121.43800354003906,14663,0.0,0.0,0.0
2022-12-20 13:30:00-05:00,121.44000244140625,121.63500213623047,121.22000122070312,121.36139678955078,61261,0.0,0.0,0.0
2022-12-20 14:30:00-05:00,121.37000274658203,121.38999938964844,120.9800033569336,121.29000091552734,59193,0.0,0.0,0.0
2022-12-20 15:30:00-05:00,121.30000305175781,121.43000030517578,121.12000274658203,121.12999725341797,70664,0.0,0.0,0.0
2022-12-21 09:30:00-05:00,121.9000015258789,122.61000061035156,121.69999694824219,122.58999633789062,30498,0.0,0.0,0.0
2022-12-21 10:30:00-05:00,122.62999725341797,123.48999786376953,122.56999969482422,123.18000030517578,34783,0.0,0.0,0.0
2022-12-21 11:30:00-05:00,123.30000305175781,123.30000305175781,122.7615966796875,122.92500305175781,34511,0.0,0.0,0.0
2022-12-21 12:30:00-05:00,122.93730163574219,123.38999938964844,122.93730163574219,123.04000091552734,17661,0.0,0.0,0.0
2022-12-21 13:30:00-05:00,123.06500244140625,123.53500366210938,122.9800033569336,123.27169799804688,88582,0.0,0.0,0.0
2022-12-21 14:30:00-05:00,123.22930145263672,123.39900207519531,122.88999938964844,123.0009994506836,41238,0.0,0.0,0.0
2022-12-21 15:30:00-05:00,123.01000213623047,123.0999984741211,122.74549865722656,123.06999969482422,23953,0.0,0.0,0.0
2022-12-22 09:30:00-05:00,121.68000030517578,121.8949966430664,120.36399841308594,120.38970184326172,31654,0.0,0.0,0.0
2022-12-22 10:30:00-05:00,120.1500015258789,120.37000274658203,120.0,120.11000061035156,18038,0.0,0.0,0.0
2022-12-22 11:30:00-05:00,120.06500244140625,120.11000061035156,119.29000091552734,119.29000091552734,78040,0.0,0.0,0.0
2022-12-22 12:30:00-05:00,119.30999755859375,119.4000015258789,118.91000366210938,118.94000244140625,30153,0.0,0.0,0.0
2022-12-22 13:30:00-05:00,118.84200286865234,119.5,118.73999786376953,119.5,23513,0.0,0.0,0.0
2022-12-22 14:30:00-05:00,119.44999694824219,120.43499755859375,119.33999633789062,120.36000061035156,99053,0.0,0.0,0.0
2022-12-22 15:30:00-05:00,120.47000122070312,120.58000183105469,119.93000030517578,120.58000183105469,32762,0.0,0.0,0.0
2022-12-23 09:30:00-05:00,119.98999786376953,120.62999725341797,119.30999755859375,120.43000030517578,34179,0.0,0.0,0.0
2022-12-23 10:30:00-05:00,120.74700164794922,121.1500015258789,119.91999816894531,120.30999755859375,32823,0.0,0.0,0.0
2022-12-23 11:30:00-05:00,120.37429809570312,120.88919830322266,120.36000061035156,120.88919830322266,18581,0.0,0.0,0.0
2022-12-23 12:30:00-05:00,120.91999816894531,120.92849731445312,120.61499786376953,120.7300033569336,65085,0.0,0.0,0.0
2022-12-23 13:30:00-05:00,120.77100372314453,120.8499984741211,120.43000030517578,120.70999908447266,34034,0.0,0.0,0.0
2022-12-23 14:30:00-05:00,120.73999786376953,121.03980255126953,120.68000030517578,120.73999786376953,35576,0.0,0.0,0.0
2022-12-23 15:30:00-05:00,120.7699966430664,121.04499816894531,120.625,120.95999908447266,46180,0.0,0.0,0.0
2022-12-27 09:30:00-05:00,120.80999755859375,120.87000274658203,119.44000244140625,120.30999755859375,66287,0.0,0.0,0.0
2022-12-27 10:30:00-05:00,120.26000213623047,120.68000030517578,120.05000305175781,120.24500274658203,33136,0.0,0.0,0.0
2022-12-27 11:30:00-05:00,120.41999816894531,120.55290222167969,120.16000366210938,120.17120361328125,21440,0.0,0.0,0.0
2022-12-27 12:30:00-05:00,120.17350006103516,120.30999755859375,119.9749984741211,120.06999969482422,15104,0.0,0.0,0.0
2022-12-27 13:30:00-05:00,120.0022964477539,120.05999755859375,119.69010162353516,119.75,44819,0.0,0.0,0.0
2022-12-27 14:30:00-05:00,119.7300033569336,120.0530014038086,119.62999725341797,120.02860260009766,20522,0.0,0.0,0.0
2022-12-27 15:30:00-05:00,120.05000305175781,120.16999816894531,119.69999694824219,119.77999877929688,13706,0.0,0.0,0.0
2022-12-28 09:30:00-05:00,119.66000366210938,120.5199966430664,119.41999816894531,119.72000122070312,27839,0.0,0.0,0.0
2022-12-28 10:30:00-05:00,119.77999877929688,119.94999694824219,118.85769653320312,118.95999908447266,23928,0.0,0.0,0.0
2022-12-28 11:30:00-05:00,119.0250015258789,119.06999969482422,118.43060302734375,118.55500030517578,40394,0.0,0.0,0.0
2022-12-28 12:30:00-05:00,118.67500305175781,119.48619842529297,118.67500305175781,119.0999984741211,55552,0.0,0.0,0.0
2022-12-28 13:30:00-05:00,119.0199966430664,119.0199966430664,118.7300033569336,118.7699966430664,46016,0.0,0.0,0.0
2022-12-28 14:30:00-05:00,118.72000122070312,118.98999786376953,118.22000122070312,118.37020111083984,32028,0.0,0.0,0.0
2022-12-28 15:30:00-05:00,118.31999969482422,118.38870239257812,118.08999633789062,118.19000244140625,32851,0.0,0.0,0.0
2022-12-29 09:30:00-05:00,119.36000061035156,120.54000091552734,119.25,120.37000274658203,69887,0.0,0.0,0.0
2022-12-29 10:30:00-05:00,120.38909912109375,120.81500244140625,120.38909912109375,120.61000061035156,107852,0.0,0.0,0.0
2022-12-29 11:30:00-05:00,120.72000122070312,121.06999969482422,120.70999908447266,120.9447021484375,44980,0.0,0.0,0.0
2022-12-29 12:30:00-05:00,120.90789794921875,120.90789794921875,120.57830047607422,120.7300033569336,31249,0.0,0.0,0.0
2022-12-29 13:30:00-05:00,120.73999786376953,121.06500244140625,120.69000244140625,120.83999633789062,154254,0.0,0.0,0.0
2022-12-29 14:30:00-05:00,120.83000183105469,120.97000122070312,120.73999786376953,120.92759704589844,31287,0.0,0.0,0.0
2022-12-29 15:30:00-05:00,120.93000030517578,121.0999984741211,120.70999908447266,120.80000305175781,21749,0.0,0.0,0.0
2022-12-30 09:30:00-05:00,119.76000213623047,119.97000122070312,119.12000274658203,119.66000366210938,70844,0.0,0.0,0.0
2022-12-30 10:30:00-05:00,119.5999984741211,120.05010223388672,119.36000061035156,119.5,51125,0.0,0.0,0.0
2022-12-30 11:30:00-05:00,119.41000366210938,119.88999938964844,119.41000366210938,119.82499694824219,46988,0.0,0.0,0.0
2022-12-30 12:30:00-05:00,119.8395004272461,119.93000030517578,119.08999633789062,119.30989837646484,51262,0.0,0.0,0.0
2022-12-30 13:30:00-05:00,119.3499984741211,119.5186996459961,119.11209869384766,119.30999755859375,78427,0.0,0.0,0.0
2022-12-30 14:30:00-05:00,119.30999755859375,119.98999786376953,119.19999694824219,119.76000213623047,44069,0.0,0.0,0.0
2022-12-30 15:30:00-05:00,119.7300033569336,120.54000091552734,119.7300033569336,120.5199966430664,40885,0.0,0.0,0.0
2023-01-03 09:30:00-05:00,121.41999816894531,121.95999908447266,119.46499633789062,119.46499633789062,53968,0.0,0.0,0.0
2023-01-03 10:30:00-05:00,119.51000213623047,119.77999877929688,118.94000244140625,119.13999938964844,60628,0.0,0.0,0.0
2023-01-03 11:30:00-05:00,119.16999816894531,119.16999816894531,118.58999633789062,118.77999877929688,46597,0.0,0.0,0.0
2023-01-03 12:30:00-05:00,118.77999877929688,119.05999755859375,118.45999908447266,119.0,24147,0.0,0.0,0.0
2023-01-03 13:30:00-05:00,118.9800033569336,119.23999786376953,118.87000274658203,118.95999908447266,41175,0.0,0.0,0.0
2023-01-03 14:30:00-05:00,118.9800033569336,119.66999816894531,118.66000366210938,119.37999725341797,165924,0.0,0.0,0.0
2023-01-03 15:30:00-05:00,119.44000244140625,119.6500015258789,119.37000274658203,119.5199966430664,30050,0.0,0.0,0.0
2023-01-04 09:30:00-05:00,120.0999984741211,120.1500015258789,118.41999816894531,118.9000015258789,203371,0.0,0.0,0.0
2023-01-04 10:30:00-05:00,118.91999816894531,119.66999816894531,118.6500015258789,119.66999816894531,38902,0.0,0.0,0.0
2023-01-04 11:30:00-05:00,119.83000183105469,120.4198989868164,119.83000183105469,120.27999877929688,19988,0.0,0.0,0.0
2023-01-04 12:30:00-05:00,120.23999786376953,120.37000274658203,119.62999725341797,120.13500213623047,12607,0.0,0.0,0.0
2023-01-04 13:30:00-05:00,120.11060333251953,120.37999725341797,118.87000274658203,118.87000274658203,95798,0.0,0.0,0.0
2023-01-04 14:30:00-05:00,118.79000091552734,119.73999786376953,118.75,119.4000015258789,24771,0.0,0.0,0.0
2023-01-04 15:30:00-05:00,119.33000183105469,119.77999877929688,118.80999755859375,119.76000213623047,57227,0.0,0.0,0.0
2023-01-05 09:30:00-05:00,119.19999694824219,119.19999694824219,117.9800033569336,118.55000305175781,66058,0.0,0.0,0.0
2023-01-05 10:30:00-05:00,118.44999694824219,118.51000213623047,117.91000366210938,118.0,37970,0.0,0.0,0.0
2023-01-05 11:30:00-05:00,118.08999633789062,118.37999725341797,118.0,118.12000274658203,27473,0.0,0.0,0.0
2023-01-05 12:30:00-05:00,118.30000305175781,118.58999633789062,117.76000213623047,118.33000183105469,52868,0.0,0.0,0.0
2023-01-05 13:30:00-05:00,118.33999633789062,118.5999984741211,118.12999725341797,118.12999725341797,39744,0.0,0.0,0.0
2023-01-05 14:30:00-05:00,118.16000366210938,118.66000366210938,117.81999969482422,117.91000366210938,71973,0.0,0.0,0.0
2023-01-05 15:30:00-05:00,117.83149719238281,117.94999694824219,117.55999755859375,117.70999908447266,49394,0.0,0.0,0.0
2023-01-06 09:30:00-05:00,118.48999786376953,118.88999938964844,117.30999755859375,118.45500183105469,20118,0.0,0.0,0.0
2023-01-06 10:30:00-05:00,118.56999969482422,119.70800018310547,118.55999755859375,119.4800033569336,123078,0.0,0.0,0.0
2023-01-06 11:30:00-05:00,119.45999908447266,119.9800033569336,119.30999755859375,119.7699966430664,68751,0.0,0.0,0.0
2023-01-06 12:30:00-05:00,119.75,119.8499984741211,119.5199966430664,119.79000091552734,28055,0.0,0.0,0.0
2023-01-06 13:30:00-05:00,119.93000030517578,120.69999694824219,119.93000030517578,120.5999984741211,60100,0.0,0.0,0.0
2023-01-06 14:30:00-05:00,120.5999984741211,121.08999633789062,120.5999984741211,120.83000183105469,80585,0.0,0.0,0.0
2023-01-06 15:30:00-05:00,120.97000122070312,121.02999877929688,120.5999984741211,120.66999816894531,38438,0.0,0.0,0.0
2023-01-09 09:30:00-05:00,121.72000122070312,122.8499984741211,121.72000122070312,122.7300033569336,35830,0.0,0.0,0.0
2023-01-09 10:30:00-05:00,122.6500015258789,123.41449737548828,122.6500015258789,123.41449737548828,11028,0.0,0.0,0.0
2023-01-09 11:30:00-05:00,123.37999725341797,123.37999725341797,123.11000061035156,123.25,22711,0.0,0.0,0.0
2023-01-09 12:30:00-05:00,123.0199966430664,123.10240173339844,122.86000061035156,122.99649810791016,5230,0.0,0.0,0.0
2023-01-09 13:30:00-05:00,123.02989959716797,123.02989959716797,122.22000122070312,122.45999908447266,36024,0.0,0.0,0.0
2023-01-09 14:30:00-05:00,122.42500305175781,122.42500305175781,121.4800033569336,121.58999633789062,56525,0.0,0.0,0.0
2023-01-09 15:30:00-05:00,121.54000091552734,121.55999755859375,121.12000274658203,121.30000305175781,18547,0.0,0.0,0.0
2023-01-10 09:30:00-05:00,120.98999786376953,122.1249008178711,120.94999694824219,121.36000061035156,32360,0.0,0.0,0.0
2023-01-10 10:30:00-05:00,121.26000213623047,121.4800033569336,120.61000061035156,121.1500015258789,20195,0.0,0.0,0.0
2023-01-10 11:30:00-05:00,121.26000213623047,121.30000305175781,120.80999755859375,121.1531982421875,12705,0.0,0.0,0.0
2023-01-10 12:30:00-05:00,121.18000030517578,121.62999725341797,121.18000030517578,121.49349975585938,13891,0.0,0.0,0.0
2023-01-10 13:30:00-05:00,121.52999877929688,121.86799621582031,121.49500274658203,121.86799621582031,44580,0.0,0.0,0.0
2023-01-10 14:30:00-05:00,121.79010009765625,121.94999694824219,121.4000015258789,121.66000366210938,23616,0.0,0.0,0.0
2023-01-10 15:30:00-05:00,121.69000244140625,122.05999755859375,121.62000274658203,122.05999755859375,10280,0.0,0.0,0.0
2023-01-11 09:30:00-05:00,122.55000305175781,123.31310272216797,122.44000244140625,123.31310272216797,27550,0.0,0.0,0.0
2023-01-11 10:30:00-05:00,123.16999816894531,123.17120361328125,122.72000122070312,123.17120361328125,24885,0.0,0.0,0.0
2023-01-11 11:30:00-05:00,123.17179870605469,123.56990051269531,123.08999633789062,123.56990051269531,57432,0.0,0.0,0.0
2023-01-11 12:30:00-05:00,123.5199966430664,123.79000091552734,123.30999755859375,123.61000061035156,32021,0.0,0.0,0.0
2023-01-11 13:30:00-05:00,123.61000061035156,123.68000030517578,123.41999816894531,123.55000305175781,70287,0.0,0.0,0.0
2023-01-11 14:30:00-05:00,123.55000305175781,123.97149658203125,123.52999877929688,123.90740203857422,47730,0.0,0.0,0.0
2023-01-11 15:30:00-05:00,123.85749816894531,124.33000183105469,123.76000213623047,124.33000183105469,27806,0.0,0.0,0.0
2023-01-12 09:30:00-05:00,124.58000183105469,124.72000122070312,122.91999816894531,124.31999969482422,25316,0.0,0.0,0.0
2023-01-12 10:30:00-05:00,124.4000015258789,124.62000274658203,123.69999694824219,124.16000366210938,25378,0.0,0.0,0.0
2023-01-12 11:30:00-05:00,124.12999725341797,125.04149627685547,123.87000274658203,125.04149627685547,12228,0.0,0.0,0.0
2023-01-12 12:30:00-05:00,125.04669952392578,125.16999816894531,124.4000015258789,124.47000122070312,13201,0.0,0.0,0.0
2023-01-12 13:30:00-05:00,124.38999938964844,125.23999786376953,124.19999694824219,124.93720245361328,67185,0.0,0.0,0.0
2023-01-12 14:30:00-05:00,124.83999633789062,125.07209777832031,124.54000091552734,124.69000244140625,37446,0.0,0.0,0.0
2023-01-12 15:30:00-05:00,124.70999908447266,124.9000015258789,124.47000122070312,124.87000274658203,11021,0.0,0.0,0.0
2023-01-13 09:30:00-05:00,123.70999908447266,124.77999877929688,123.55999755859375,124.7699966430664,33897,0.0,0.0,0.0
2023-01-13 10:30:00-05:00,124.84110260009766,124.91000366210938,124.25,124.41999816894531,18196,0.0,0.0,0.0
2023-01-13 11:30:00-05:00,124.31999969482422,124.72779846191406,124.25,124.72779846191406,0,0.0,0.0,0.0
2023-01-13 12:30:00-05:00,124.54000091552734,124.80999755859375,124.54000091552734,124.73149871826172,72290,0.0,0.0,0.0
2023-01-13 13:30:00-05:00,124.83000183105469,125.16580200195312,124.83000183105469,125.15799713134766,20918,0.0,0.0,0.0
2023-01-13 14:30:00-05:00,125.19000244140625,125.4000015258789,125.05999755859375,125.4000015258789,16061,0.0,0.0,0.0
2023-01-13 15:30:00-05:00,125.41000366210938,125.61000061035156,125.38999938964844,125.5,10668,0.0,0.0,0.0
2023-01-17 09:30:00-05:00,125.44000244140625,126.46990203857422,125.22000122070312,126.20500183105469,39753,0.0,0.0,0.0
2023-01-17 10:30:00-05:00,126.21499633789062,126.21499633789062,125.20999908447266,125.33000183105469,14146,0.0,0.0,0.0
2023-01-17 11:30:00-05:00,125.58999633789062,125.84970092773438,125.5,125.63929748535156,5851,0.0,0.0,0.0
2023-01-17 12:30:00-05:00,125.63069915771484,125.88999938964844,125.63069915771484,125.79679870605469,8541,0.0,0.0,0.0
2023-01-17 13:30:00-05:00,125.80000305175781,126.002197265625,125.58000183105469,125.69840240478516,41899,0.0,0.0,0.0
2023-01-17 14:30:00-05:00,125.81999969482422,125.95999908447266,125.70040130615234,125.70999908447266,196485,0.0,0.0,0.0
2023-01-17 15:30:00-05:00,125.69000244140625,125.80000305175781,125.47000122070312,125.66999816894531,15046,0.0,0.0,0.0
2023-01-18 09:30:00-05:00,126.31999969482422,126.8499984741211,126.13999938964844,126.47000122070312,36944,0.0,0.0,0.0
2023-01-18 10:30:00-05:00,126.48860168457031,126.48860168457031,124.9000015258789,125.11000061035156,36621,0.0,0.0,0.0
2023-01-18 11:30:00-05:00,124.98999786376953,125.0199966430664,124.55000305175781,124.61000061035156,13043,0.0,0.0,0.0
2023-01-18 12:30:00-05:00,124.52999877929688,124.75330352783203,124.21499633789062,124.29499816894531,29856,0.0,0.0,0.0
2023-01-18 13:30:00-05:00,124.47589874267578,124.72000122070312,124.33000183105469,124.69999694824219,71267,0.0,0.0,0.0
2023-01-18 14:30:00-05:00,124.72000122070312,124.75,124.37999725341797,124.4000015258789,26303,0.0,0.0,0.0
2023-01-18 15:30:00-05:00,124.37999725341797,124.37999725341797,123.88999938964844,123.98999786376953,21733,0.0,0.0,0.0
2023-01-19 09:30:00-05:00,123.12999725341797,123.7300033569336,122.91000366210938,123.2300033569336,20620,0.0,0.0,0.0
2023-01-19 10:30:00-05:00,123.16000366210938,123.2074966430664,122.69000244140625,122.81999969482422,10586,0.0,0.0,0.0
2023-01-19 11:30:00-05:00,122.76000213623047,123.01000213623047,122.56999969482422,122.79100036621094,28354,0.0,0.0,0.0
2023-01-19 12:30:00-05:00,122.79000091552734,123.26000213623047,122.71499633789062,122.99500274658203,39937,0.0,0.0,0.0
2023-01-19 13:30:00-05:00,123.19110107421875,123.81999969482422,123.19110107421875,123.72000122070312,27263,0.0,0.0,0.0
2023-01-19 14:30:00-05:00,123.66000366210938,123.83999633789062,123.44989776611328,123.58000183105469,22874,0.0,0.0,0.0
2023-01-19 15:30:00-05:00,123.58999633789062,123.58999633789062,122.94999694824219,122.9800033569336,0,0.0,0.0,0.0
2023-01-20 09:30:00-05:00,123.75,124.0199966430664,123.2699966430664,123.9800033569336,28971,0.0,0.0,0.0
2023-01-20 10:30:00-05:00,124.22000122070312,124.65889739990234,123.94999694824219,124.65889739990234,15396,0.0,0.0,0.0
2023-01-20 11:30:00-05:00,124.70999908447266,124.72000122070312,124.5199966430664,124.7072982788086,14999,0.0,0.0,0.0
2023-01-20 12:30:00-05:00,124.61000061035156,124.79000091552734,124.4000015258789,124.5,21244,0.0,0.0,0.0
2023-01-20 13:30:00-05:00,124.56999969482422,125.41500091552734,124.56999969482422,125.37999725341797,31884,0.0,0.0,0.0
2023-01-20 14:30:00-05:00,125.44999694824219,126.09989929199219,125.42500305175781,125.83999633789062,57461,0.0,0.0,0.0
2023-01-20 15:30:00-05:00,125.87999725341797,126.12000274658203,125.77999877929688,126.05000305175781,14551,0.0,0.0,0.0
2023-01-23 09:30:00-05:00,126.41999816894531,127.51799774169922,126.0,127.51799774169922,33663,0.0,0.0,0.0
2023-01-23 10:30:00-05:00,127.5,128.53990173339844,127.44000244140625,128.1300048828125,26819,0.0,0.0,0.0
2023-01-23 11:30:00-05:00,128.17979431152344,128.47500610351562,128.02999877929688,128.1699981689453,29328,0.0,0.0,0.0
2023-01-23 12:30:00-05:00,128.19000244140625,128.47000122070312,128.08999633789062,128.41000366210938,15849,0.0,0.0,0.0
2023-01-23 13:30:00-05:00,128.46290588378906,128.63999938964844,128.0,128.05999755859375,42024,0.0,0.0,0.0
2023-01-23 14:30:00-05:00,128.1699981689453,128.1699981689453,127.375,127.68000030517578,68532,0.0,0.0,0.0
2023-01-23 15:30:00-05:00,127.68609619140625,128.10000610351562,127.60320281982422,128.02000427246094,16999,0.0,0.0,0.0
2023-01-24 09:30:00-05:00,127.33000183105469,128.49000549316406,126.0,127.7300033569336,81741,0.0,0.0,0.0
2023-01-24 10:30:00-05:00,127.69999694824219,128.10499572753906,127.40570068359375,127.98999786376953,46228,0.0,0.0,0.0
2023-01-24 11:30:00-05:00,128.0,128.08999633789062,127.69000244140625,128.08999633789062,12455,0.0,0.0,0.0
2023-01-24 12:30:00-05:00,127.91999816894531,128.02999877929688,127.68000030517578,128.02999877929688,25330,0.0,0.0,0.0
2023-01-24 13:30:00-05:00,127.9800033569336,128.25999450683594,127.86000061035156,127.94000244140625,44741,0.0,0.0,0.0
2023-01-24 14:30:00-05:00,128.0,128.08999633789062,127.83719635009766,127.9092025756836,22994,0.0,0.0,0.0
2023-01-24 15:30:00-05:00,127.90969848632812,127.95860290527344,127.45500183105469,127.8499984741211,22346,0.0,0.0,0.0
2023-01-25 09:30:00-05:00,125.94000244140625,126.08999633789062,125.13999938964844,125.36009979248047,40704,0.0,0.0,0.0
2023-01-25 10:30:00-05:00,125.40499877929688,126.20999908447266,124.95999908447266,126.09500122070312,22905,0.0,0.0,0.0
2023-01-25 11:30:00-05:00,126.13999938964844,126.66000366210938,126.08000183105469,126.26000213623047,13211,0.0,0.0,0.0
2023-01-25 12:30:00-05:00,126.29000091552734,127.05999755859375,126.25499725341797,127.05999755859375,10622,0.0,0.0,0.0
2023-01-25 13:30:00-05:00,127.08999633789062,127.61000061035156,126.90599822998047,127.29000091552734,67648,0.0,0.0,0.0
2023-01-25 14:30:00-05:00,127.32099914550781,127.83999633789062,127.18000030517578,127.52429962158203,20869,0.0,0.0,0.0
2023-01-25 15:30:00-05:00,127.55999755859375,127.62000274658203,127.24490356445312,127.62000274658203,10250,0.0,0.0,0.0
2023-01-26 09:30:00-05:00,128.85000610351562,129.36000061035156,128.25999450683594,128.7156982421875,42422,0.0,0.0,0.0
2023-01-26 10:30:00-05:00,128.7899932861328,128.89999389648438,127.78500366210938,127.98870086669922,21914,0.0,0.0,0.0
2023-01-26 11:30:00-05:00,128.14999389648438,128.77999877929688,128.0399932861328,128.6199951171875,10730,0.0,0.0,0.0
2023-01-26 12:30:00-05:00,128.6999969482422,128.75999450683594,128.36000061035156,128.5897979736328,15541,0.0,0.0,0.0
2023-01-26 13:30:00-05:00,128.7100067138672,129.1300048828125,128.64129638671875,128.93260192871094,54130,0.0,0.0,0.0
2023-01-26 14:30:00-05:00,128.99000549316406,129.33360290527344,128.89999389648438,129.27999877929688,25995,0.0,0.0,0.0
2023-01-26 15:30:00-05:00,129.27000427246094,129.58999633789062,129.10549926757812,129.5800018310547,17848,0.0,0.0,0.0
2023-01-27 09:30:00-05:00,129.3300018310547,130.5,129.22999572753906,130.33999633789062,33280,0.0,0.0,0.0
2023-01-27 10:30:00-05:00,130.36000061035156,130.38119506835938,129.64999389648438,130.19000244140625,27615,0.0,0.0,0.0
2023-01-27 11:30:00-05:00,130.1699981689453,130.85000610351562,130.1699981689453,130.6999969482422,17612,0.0,0.0,0.0
2023-01-27 12:30:00-05:00,130.6999969482422,130.92999267578125,130.47000122070312,130.5800018310547,19530,0.0,0.0,0.0
2023-01-27 13:30:00-05:00,130.72999572753906,131.1300048828125,130.7200927734375,131.0800018310547,104487,0.0,0.0,0.0
2023-01-27 14:30:00-05:00,131.12249755859375,131.46499633789062,131.0,131.27000427246094,24966,0.0,0.0,0.0
2023-01-27 15:30:00-05:00,131.32000732421875,131.3300018310547,130.55999755859375,130.55999755859375,17910,0.0,0.0,0.0
2023-01-30 09:30:00-05:00,129.4600067138672,130.0800018310547,129.08999633789062,129.27999877929688,44111,0.0,0.0,0.0
2023-01-30 10:30:00-05:00,129.25999450683594,129.34860229492188,128.6199951171875,129.3000030517578,44714,0.0,0.0,0.0
2023-01-30 11:30:00-05:00,129.4199981689453,129.4199981689453,128.97999572753906,129.18499755859375,8325,0.0,0.0,0.0
2023-01-30 12:30:00-05:00,129.22999572753906,129.25999450683594,128.82460021972656,129.09500122070312,21022,0.0,0.0,0.0
2023-01-30 13:30:00-05:00,129.0399932861328,129.0399932861328,128.6999969482422,128.72999572753906,21365,0.0,0.0,0.0
2023-01-30 14:30:00-05:00,128.64010620117188,128.86000061035156,128.3699951171875,128.39999389648438,45665,0.0,0.0,0.0
2023-01-30 15:30:00-05:00,128.47000122070312,128.6855010986328,128.3000030517578,128.36000061035156,29152,0.0,0.0,0.0
2023-01-31 09:30:00-05:00,128.60000610351562,129.3300018310547,128.5449981689453,129.3300018310547,39656,0.0,0.0,0.0
2023-01-31 10:30:00-05:00,129.39999389648438,129.5500030517578,129.2899932861328,129.5500030517578,12570,0.0,0.0,0.0
2023-01-31 11:30:00-05:00,129.5500030517578,129.63999938964844,129.22999572753906,129.5399932861328,36391,0.0,0.0,0.0
2023-01-31 12:30:00-05:00,129.51699829101562,129.69500732421875,129.4199981689453,129.5399932861328,30296,0.0,0.0,0.0
2023-01-31 13:30:00-05:00,129.5500030517578,129.8800048828125,129.52980041503906,129.79849243164062,19165,0.0,0.0,0.0
2023-01-31 14:30:00-05:00,129.7725067138672,130.04989624023438,129.55999755859375,129.58999633789062,26243,0.0,0.0,0.0
2023-01-31 15:30:00-05:00,129.6562957763672,130.42999267578125,129.6562957763672,130.42999267578125,30305,0.0,0.0,0.0
2023-02-01 09:30:00-05:00,130.27000427246094,130.3800048828125,129.79029846191406,130.00999450683594,27003,0.0,0.0,0.0
2023-02-01 10:30:00-05:00,130.19000244140625,130.27000427246094,129.52000427246094,129.97000122070312,10959,0.0,0.0,0.0
2023-02-01 11:30:00-05:00,129.94000244140625,130.08270263671875,129.64500427246094,129.8000030517578,38522,0.0,0.0,0.0
2023-02-01 12:30:00-05:00,129.8175048828125,130.0,129.74989318847656,130.0,12707,0.0,0.0,0.0
2023-02-01 13:30:00-05:00,130.00999450683594,130.6300048828125,129.39999389648438,130.16000366210938,45859,0.0,0.0,0.0
2023-02-01 14:30:00-05:00,130.19000244140625,132.91000366210938,129.27000427246094,132.6884002685547,139170,0.0,0.0,0.0
2023-02-01 15:30:00-05:00,132.7899932861328,133.5800018310547,132.41000366210938,132.61000061035156,46017,0.0,0.0,0.0
2023-02-02 09:30:00-05:00,134.8300018310547,135.1699981689453,134.2779998779297,134.86000061035156,62339,0.0,0.0,0.0
2023-02-02 10:30:00-05:00,134.89999389648438,135.63999938964844,134.89999389648438,135.4499969482422,48532,0.0,0.0,0.0
2023-02-02 11:30:00-05:00,135.58999633789062,135.75,135.1300048828125,135.40919494628906,16803,0.0,0.0,0.0
2023-02-02 12:30:00-05:00,135.38999938964844,135.72000122070312,135.289306640625,135.65829467773438,0,0.0,0.0,0.0
2023-02-02 13:30:00-05:00,135.69940185546875,136.48800659179688,135.44000244140625,135.44000244140625,236019,0.0,0.0,0.0
2023-02-02 14:30:00-05:00,135.35000610351562,135.36000061035156,134.4199981689453,135.2100067138672,45001,0.0,0.0,0.0
2023-02-02 15:30:00-05:00,135.26499938964844,135.85000610351562,135.00999450683594,135.83999633789062,24767,0.0,0.0,0.0
2023-02-03 09:30:00-05:00,133.27000427246094,136.0,133.27000427246094,135.5800018310547,82016,0.0,0.0,0.0
2023-02-03 10:30:00-05:00,135.44000244140625,136.14999389648438,135.44000244140625,136.0399932861328,86067,0.0,0.0,0.0
2023-02-03 11:30:00-05:00,136.02999877929688,136.3699951171875,135.39999389648438,136.0,114361,0.0,0.0,0.0
2023-02-03 12:30:00-05:00,135.8300018310547,136.0,134.5,134.6699981689453,175389,0.0,0.0,0.0
2023-02-03 13:30:00-05:00,134.4199981689453,134.7100067138672,133.9600067138672,134.25,59397,0.0,0.0,0.0
2023-02-03 14:30:00-05:00,134.22999572753906,134.4600067138672,133.6300048828125,134.2100067138672,31296,0.0,0.0,0.0
2023-02-03 15:30:00-05:00,134.22999572753906,134.32000732421875,133.8699951171875,134.13999938964844,31141,0.0,0.0,0.0
2023-02-06 09:30:00-05:00,133.07000732421875,133.66000366210938,132.77999877929688,132.80999755859375,20009,0.0,0.0,0.0
2023-02-06 10:30:00-05:00,132.7100067138672,133.75999450683594,132.69000244140625,133.75999450683594,17173,0.0,0.0,0.0
2023-02-06 11:30:00-05:00,133.7899932861328,133.85000610351562,133.13999938964844,133.2899932861328,30570,0.0,0.0,0.0
2023-02-06 12:30:00-05:00,133.40989685058594,133.53550720214844,133.0399932861328,133.1566925048828,6385,0.0,0.0,0.0
2023-02-06 13:30:00-05:00,133.12869262695312,133.72999572753906,133.02999877929688,133.5,34713,0.0,0.0,0.0
2023-02-06 14:30:00-05:00,133.42999267578125,133.47999572753906,132.85000610351562,132.97000122070312,43177,0.0,0.0,0.0
2023-02-06 15:30:00-05:00,132.83999633789062,133.3300018310547,132.8300018310547,133.1999969482422,16419,0.0,0.0,0.0
2023-02-07 09:30:00-05:00,132.99000549316406,133.36000061035156,132.8300018310547,132.875,18776,0.0,0.0,0.0
2023-02-07 10:30:00-05:00,132.92999267578125,133.5800018310547,132.92999267578125,133.51800537109375,20147,0.0,0.0,0.0
2023-02-07 11:30:00-05:00,133.64999389648438,133.77999877929688,133.30039978027344,133.3199005126953,13700,0.0,0.0,0.0
2023-02-07 12:30:00-05:00,133.40499877929688,135.27999877929688,133.32200622558594,133.38999938964844,32298,0.0,0.0,0.0
2023-02-07 13:30:00-05:00,133.32000732421875,134.33999633789062,132.58799743652344,134.1699981689453,29298,0.0,0.0,0.0
2023-02-07 14:30:00-05:00,134.25,135.17999267578125,134.25,135.17999267578125,39729,0.0,0.0,0.0
2023-02-07 15:30:00-05:00,135.25,135.8699951171875,135.08999633789062,135.52999877929688,15373,0.0,0.0,0.0
2023-02-08 09:30:00-05:00,134.91000366210938,135.41000366210938,134.5800018310547,134.785400390625,32029,0.0,0.0,0.0
2023-02-08 10:30:00-05:00,134.60000610351562,134.60000610351562,133.47999572753906,133.6300048828125,16126,0.0,0.0,0.0
2023-02-08 11:30:00-05:00,133.60000610351562,134.1199951171875,133.4499969482422,133.97999572753906,37307,0.0,0.0,0.0
2023-02-08 12:30:00-05:00,133.89999389648438,134.3300018310547,133.66000366210938,133.9499969482422,21421,0.0,0.0,0.0
2023-02-08 13:30:00-05:00,133.92030334472656,134.14999389648438,133.67999267578125,133.7899932861328,46465,0.0,0.0,0.0
2023-02-08 14:30:00-05:00,133.83999633789062,133.94000244140625,133.41000366210938,133.57000732421875,29782,0.0,0.0,0.0
2023-02-08 15:30:00-05:00,133.6300048828125,133.8300018310547,133.57000732421875,133.69000244140625,20626,0.0,0.0,0.0
2023-02-09 09:30:00-05:00,135.2899932861328,135.406494140625,134.55499267578125,134.66000366210938,38414,0.0,0.0,0.0
2023-02-09 10:30:00-05:00,134.50999450683594,134.80999755859375,134.07000732421875,134.22999572753906,26703,0.0,0.0,0.0
2023-02-09 11:30:00-05:00,134.11500549316406,134.47999572753906,134.0500030517578,134.1999969482422,39891,0.0,0.0,0.0
2023-02-09 12:30:00-05:00,134.1699981689453,134.20919799804688,133.39999389648438,133.79949951171875,24308,0.0,0.0,0.0
2023-02-09 13:30:00-05:00,133.7100067138672,133.71580505371094,133.1199951171875,133.1501007080078,36614,0.0,0.0,0.0
2023-02-09 14:30:00-05:00,133.1699981689453,133.17999267578125,132.49000549316406,132.5,25229,0.0,0.0,0.0
2023-02-09 15:30:00-05:00,132.48500061035156,133.03199768066406,132.2100067138672,132.66000366210938,20046,0.0,0.0,0.0
2023-02-10 09:30:00-05:00,131.8800048828125,132.4600067138672,131.47999572753906,132.40499877929688,57096,0.0,0.0,0.0
2023-02-10 10:30:00-05:00,132.3699951171875,132.5,131.72000122070312,131.89999389648438,26787,0.0,0.0,0.0
2023-02-10 11:30:00-05:00,131.84629821777344,131.94000244140625,131.1199951171875,131.22000122070312,13974,0.0,0.0,0.0
2023-02-10 12:30:00-05:00,131.41000366210938,132.27000427246094,131.39999389648438,132.1699981689453,5146,0.0,0.0,0.0
2023-02-10 13:30:00-05:00,131.99000549316406,132.0800018310547,131.55999755859375,131.59030151367188,21544,0.0,0.0,0.0
2023-02-10 14:30:00-05:00,131.5399932861328,132.07000732421875,131.5,131.74000549316406,25569,0.0,0.0,0.0
2023-02-10 15:30:00-05:00,131.8300018310547,132.30999755859375,131.7899932861328,132.14999389648438,38110,0.0,0.0,0.0
2023-02-13 09:30:00-05:00,132.58999633789062,133.35000610351562,132.5800018310547,133.35000610351562,7664,0.0,0.0,0.0
2023-02-13 10:30:00-05:00,133.30599975585938,133.88999938964844,133.30599975585938,133.82000732421875,7790,0.0,0.0,0.0
2023-02-13 11:30:00-05:00,133.860107421875,134.14999389648438,133.67999267578125,134.01919555664062,7586,0.0,0.0,0.0
2023-02-13 12:30:00-05:00,133.97999572753906,134.1199951171875,133.82000732421875,134.11000061035156,17839,0.0,0.0,0.0
2023-02-13 13:30:00-05:00,134.16000366210938,134.1999969482422,133.8209991455078,133.8300018310547,18967,0.0,0.0,0.0
2023-02-13 14:30:00-05:00,133.72000122070312,133.8300018310547,133.4600067138672,133.8000030517578,11337,0.0,0.0,0.0
2023-02-13 15:30:00-05:00,133.85000610351562,134.05999755859375,133.80999755859375,134.02999877929688,18849,0.0,0.0,0.0
2023-02-14 09:30:00-05:00,133.57000732421875,135.16990661621094,132.8800048828125,134.6112060546875,21316,0.0,0.0,0.0
2023-02-14 10:30:00-05:00,134.27000427246094,134.27000427246094,132.8699951171875,133.31260681152344,12285,0.0,0.0,0.0
2023-02-14 11:30:00-05:00,133.1699981689453,133.63900756835938,132.77999877929688,133.52999877929688,22448,0.0,0.0,0.0
2023-02-14 12:30:00-05:00,133.47999572753906,134.52999877929688,133.47999572753906,134.16000366210938,19011,0.0,0.0,0.0
2023-02-14 13:30:00-05:00,134.27999877929688,134.47000122070312,133.89999389648438,134.3300018310547,35833,0.0,0.0,0.0
2023-02-14 14:30:00-05:00,134.33999633789062,134.76809692382812,134.30999755859375,134.62539672851562,12958,0.0,0.0,0.0
2023-02-14 15:30:00-05:00,134.72999572753906,134.94000244140625,134.5637969970703,134.57000732421875,14886,0.0,0.0,0.0
2023-02-15 09:30:00-05:00,133.9600067138672,134.44000244140625,133.68350219726562,134.0500030517578,6908,0.0,0.0,0.0
2023-02-15 10:30:00-05:00,134.1425018310547,134.41000366210938,133.8914031982422,134.36000061035156,229262,0.0,0.0,0.0
2023-02-15 11:30:00-05:00,134.50999450683594,134.86000061035156,134.2899932861328,134.37109375,37580,0.0,0.0,0.0
2023-02-15 12:30:00-05:00,134.26589965820312,134.63999938964844,134.1699981689453,134.63999938964844,137515,0.0,0.0,0.0
2023-02-15 13:30:00-05:00,134.64999389648438,135.14999389648438,134.58999633789062,134.9499969482422,24682,0.0,0.0,0.0
2023-02-15 14:30:00-05:00,135.0666961669922,135.0666961669922,134.67999267578125,134.735107421875,30333,0.0,0.0,0.0
2023-02-15 15:30:00-05:00,134.8699951171875,135.25,134.82000732421875,135.1999969482422,12548,0.0,0.0,0.0
2023-02-16 09:30:00-05:00,133.22999572753906,134.05999755859375,133.02999877929688,133.94239807128906,20993,0.0,0.0,0.0
2023-02-16 10:30:00-05:00,134.13040161132812,134.5800018310547,134.0800018310547,134.3800048828125,7233,0.0,0.0,0.0
2023-02-16 11:30:00-05:00,134.40460205078125,134.57000732421875,134.02000427246094,134.3972930908203,14447,0.0,0.0,0.0
2023-02-16 12:30:00-05:00,134.47000122070312,134.77999877929688,134.27999877929688,134.28579711914062,10495,0.0,0.0,0.0
2023-02-16 13:30:00-05:00,134.32000732421875,134.66000366210938,134.32000732421875,134.56500244140625,19391,0.0,0.0,0.0
2023-02-16 14:30:00-05:00,134.57000732421875,134.67999267578125,133.17999267578125,133.17999267578125,33734,0.0,0.0,0.0
2023-02-16 15:30:00-05:00,133.1199951171875,133.25999450683594,132.74000549316406,132.77999877929688,20149,0.0,0.0,0.0
2023-02-17 09:30:00-05:00,132.0399932861328,132.0399932861328,131.25,131.9499969482422,14484,0.0,0.0,0.0
2023-02-17 10:30:00-05:00,131.76010131835938,132.08999633789062,130.99000549316406,130.99000549316406,9697,0.0,0.0,0.0
2023-02-17 11:30:00-05:00,131.0,131.5399932861328,130.97000122070312,131.32989501953125,26692,0.0,0.0,0.0
2023-02-17 12:30:00-05:00,131.1999969482422,131.27999877929688,130.8000030517578,130.94149780273438,11792,0.0,0.0,0.0
2023-02-17 13:30:00-05:00,131.09500122070312,131.6199951171875,131.09500122070312,131.53089904785156,12614,0.0,0.0,0.0
2023-02-17 14:30:00-05:00,131.52999877929688,132.1199951171875,131.52999877929688,131.9199981689453,32451,0.0,0.0,0.0
2023-02-17 15:30:00-05:00,131.67999267578125,132.1199951171875,131.67999267578125,132.02000427246094,9872,0.0,0.0,0.0
2023-02-21 09:30:00-05:00,130.4199981689453,130.9178009033203,130.0,130.0,18593,0.0,0.0,0.0
2023-02-21 10:30:00-05:00,130.0500030517578,130.24000549316406,129.7899932861328,129.79879760742188,6457,0.0,0.0,0.0
2023-02-21 11:30:00-05:00,129.75369262695312,129.83999633789062,129.57000732421875,129.67160034179688,12772,0.0,0.0,0.0
2023-02-21 12:30:00-05:00,129.5800018310547,129.8863067626953,129.5800018310547,129.62399291992188,19826,0.0,0.0,0.0
2023-02-21 13:30:00-05:00,129.57000732421875,129.6300048828125,129.22900390625,129.3173065185547,65064,0.0,0.0,0.0
2023-02-21 14:30:00-05:00,129.3134002685547,129.5399932861328,129.2100067138672,129.25999450683594,31274,0.0,0.0,0.0
2023-02-21 15:30:00-05:00,129.3300018310547,129.4499969482422,129.07000732421875,129.1300048828125,40300,0.0,0.0,0.0
2023-02-22 09:30:00-05:00,129.55999755859375,129.74000549316406,128.74000549316406,129.1199951171875,33147,0.0,0.0,0.0
2023-02-22 10:30:00-05:00,128.9199981689453,129.39999389648438,128.77499389648438,129.1999969482422,12636,0.0,0.0,0.0
2023-02-22 11:30:00-05:00,129.18389892578125,129.5,129.13999938964844,129.5,8265,0.0,0.0,0.0
2023-02-22 12:30:00-05:00,129.58999633789062,129.90899658203125,129.58360290527344,129.90899658203125,9440,0.0,0.0,0.0
2023-02-22 13:30:00-05:00,129.79190063476562,130.0279998779297,129.14999389648438,129.47000122070312,62847,0.0,0.0,0.0
2023-02-22 14:30:00-05:00,129.3300018310547,129.3800048828125,128.81500244140625,128.94000244140625,27916,0.0,0.0,0.0
2023-02-22 15:30:00-05:00,128.88999938964844,129.24000549316406,128.7100067138672,129.24000549316406,16688,0.0,0.0,0.0
2023-02-23 09:30:00-05:00,130.63999938964844,130.75,130.10000610351562,130.2899932861328,42439,0.0,0.0,0.0
2023-02-23 10:30:00-05:00,130.0,130.33999633789062,129.13409423828125,129.13409423828125,18742,0.0,0.0,0.0
2023-02-23 11:30:00-05:00,129.2061004638672,129.2061004638672,128.6999969482422,128.85389709472656,10484,0.0,0.0,0.0
2023-02-23 12:30:00-05:00,128.88710021972656,129.24000549316406,128.87440490722656,128.99000549316406,25566,0.0,0.0,0.0
2023-02-23 13:30:00-05:00,129.02000427246094,130.1199951171875,128.9873046875,130.05999755859375,46354,0.0,0.0,0.0
2023-02-23 14:30:00-05:00,130.16000366210938,130.61000061035156,130.07000732421875,130.58999633789062,60397,0.0,0.0,0.0
2023-02-23 15:30:00-05:00,130.63999938964844,130.6649932861328,130.30999755859375,130.3699951171875,21473,0.0,0.0,0.0
2023-02-24 09:30:00-05:00,128.4499969482422,128.60000610351562,127.69210052490234,127.75450134277344,29660,0.0,0.0,0.0
2023-02-24 10:30:00-05:00,127.73400115966797,128.11000061035156,127.56069946289062,128.09500122070312,16599,0.0,0.0,0.0
2023-02-24 11:30:00-05:00,128.0800018310547,128.4499969482422,127.89009857177734,128.0800018310547,18703,0.0,0.0,0.0
2023-02-24 12:30:00-05:00,128.02000427246094,128.02000427246094,127.62000274658203,127.91649627685547,7080,0.0,0.0,0.0
2023-02-24 13:30:00-05:00,127.80159759521484,128.11000061035156,127.77999877929688,128.0500030517578,33212,0.0,0.0,0.0
2023-02-24 14:30:00-05:00,128.0500030517578,128.4499969482422,127.83999633789062,128.14999389648438,18770,0.0,0.0,0.0
2023-02-24 15:30:00-05:00,128.19000244140625,128.30999755859375,127.7699966430664,128.22000122070312,18622,0.0,0.0,0.0
2023-02-27 09:30:00-05:00,129.57000732421875,130.22000122070312,129.52520751953125,130.02999877929688,12841,0.0,0.0,0.0
2023-02-27 10:30:00-05:00,129.89999389648438,129.92999267578125,129.08999633789062,129.19000244140625,31343,0.0,0.0,0.0
2023-02-27 11:30:00-05:00,129.1999969482422,129.2386932373047,128.92999267578125,129.154296875,16738,0.0,0.0,0.0
2023-02-27 12:30:00-05:00,129.22000122070312,129.6300048828125,129.22000122070312,129.53379821777344,9424,0.0,0.0,0.0
2023-02-27 13:30:00-05:00,129.42999267578125,129.6999053955078,129.3096923828125,129.42999267578125,19627,0.0,0.0,0.0
2023-02-27 14:30:00-05:00,129.4600067138672,129.4600067138672,128.97999572753906,129.1300048828125,15848,0.0,0.0,0.0
2023-02-27 15:30:00-05:00,129.11000061035156,129.11000061035156,128.85000610351562,129.11000061035156,19068,0.0,0.0,0.0
2023-02-28 09:30:00-05:00,128.91000366210938,129.22000122070312,128.8699951171875,129.0,73635,0.0,0.0,0.0
2023-02-28 10:30:00-05:00,128.76499938964844,129.30880737304688,128.67999267578125,129.1999969482422,9695,0.0,0.0,0.0
2023-02-28 11:30:00-05:00,129.02999877929688,129.4199981689453,128.89999389648438,129.36500549316406,4131,0.0,0.0,0.0
2023-02-28 12:30:00-05:00,129.36000061035156,129.7449951171875,129.36000061035156,129.7449951171875,5382,0.0,0.0,0.0
2023-02-28 13:30:00-05:00,129.74989318847656,129.77000427246094,129.5500030517578,129.6199951171875,19087,0.0,0.0,0.0
2023-02-28 14:30:00-05:00,129.5308074951172,129.5308074951172,128.97999572753906,128.97999572753906,31989,0.0,0.0,0.0
2023-02-28 15:30:00-05:00,129.00999450683594,129.11000061035156,128.8300018310547,128.8300018310547,15886,0.0,0.0,0.0
2023-03-01 09:30:00-05:00,128.60000610351562,128.8000030517578,127.69000244140625,127.80000305175781,27528,0.0,0.0,0.0
2023-03-01 10:30:00-05:00,127.70999908447266,128.3699951171875,127.37999725341797,127.7699966430664,11965,0.0,0.0,0.0
2023-03-01 11:30:00-05:00,127.75,128.4199981689453,127.7300033569336,128.2200927734375,14658,0.0,0.0,0.0
2023-03-01 12:30:00-05:00,128.27769470214844,128.38999938964844,128.00340270996094,128.00340270996094,6004,0.0,0.0,0.0
2023-03-01 13:30:00-05:00,127.88999938964844,127.93000030517578,127.62999725341797,127.62999725341797,21780,0.0,0.0,0.0
2023-03-01 14:30:00-05:00,127.58000183105469,127.88999938964844,127.53839874267578,127.65589904785156,20572,0.0,0.0,0.0
2023-03-01 15:30:00-05:00,127.68499755859375,127.98999786376953,127.68000030517578,127.83000183105469,0,0.0,0.0,0.0
2023-03-02 09:30:00-05:00,126.86000061035156,127.45999908447266,126.86000061035156,127.45999908447266,8503,0.0,0.0,0.0
2023-03-02 10:30:00-05:00,127.37000274658203,127.55999755859375,127.26000213623047,127.30500030517578,17576,0.0,0.0,0.0
2023-03-02 11:30:00-05:00,127.19000244140625,127.37999725341797,127.16000366210938,127.33000183105469,22279,0.0,0.0,0.0
2023-03-02 12:30:00-05:00,127.5,127.51000213623047,127.30999755859375,127.37000274658203,9913,0.0,0.0,0.0
2023-03-02 13:30:00-05:00,127.37429809570312,128.52999877929688,127.37429809570312,128.50999450683594,62443,0.0,0.0,0.0
2023-03-02 14:30:00-05:00,128.57000732421875,128.7100067138672,128.32000732421875,128.6761932373047,18507,0.0,0.0,0.0
2023-03-02 15:30:00-05:00,128.660400390625,129.01010131835938,128.60769653320312,128.7100067138672,12457,0.0,0.0,0.0
2023-03-03 09:30:00-05:00,129.5399932861328,130.389404296875,129.41000366210938,130.389404296875,19497,0.0,0.0,0.0
2023-03-03 10:30:00-05:00,130.38999938964844,130.49000549316406,130.093505859375,130.1103973388672,20212,0.0,0.0,0.0
2023-03-03 11:30:00-05:00,130.26499938964844,130.4600067138672,130.08999633789062,130.41189575195312,17988,0.0,0.0,0.0
2023-03-03 12:30:00-05:00,130.55259704589844,130.88999938964844,130.55259704589844,130.74000549316406,3940,0.0,0.0,0.0
2023-03-03 13:30:00-05:00,130.74200439453125,131.0699005126953,130.72500610351562,131.0399932861328,25312,0.0,0.0,0.0
2023-03-03 14:30:00-05:00,131.11000061035156,131.2899932861328,131.03500366210938,131.1699981689453,25913,0.0,0.0,0.0
2023-03-03 15:30:00-05:00,131.14999389648438,131.2899932861328,131.0,131.24000549316406,31819,0.0,0.0,0.0
2023-03-06 09:30:00-05:00,131.8800048828125,132.60690307617188,131.85000610351562,132.60690307617188,18625,0.0,0.0,0.0
2023-03-06 10:30:00-05:00,132.5800018310547,133.07000732421875,132.50999450683594,132.74000549316406,27928,0.0,0.0,0.0
2023-03-06 11:30:00-05:00,132.7263946533203,133.02000427246094,132.67999267578125,132.8000030517578,10712,0.0,0.0,0.0
2023-03-06 12:30:00-05:00,132.7899932861328,132.7899932861328,132.27000427246094,132.33999633789062,6415,0.0,0.0,0.0
2023-03-06 13:30:00-05:00,132.3000946044922,132.30239868164062,131.94000244140625,131.9499969482422,19095,0.0,0.0,0.0
2023-03-06 14:30:00-05:00,132.02000427246094,132.08999633789062,131.66859436035156,131.66859436035156,55444,0.0,0.0,0.0
2023-03-06 15:30:00-05:00,131.64999389648438,131.83999633789062,131.64999389648438,131.72999572753906,25895,0.0,0.0,0.0
2023-03-07 09:30:00-05:00,131.6199951171875,131.99000549316406,130.3699951171875,130.80999755859375,27869,0.0,0.0,0.0
2023-03-07 10:30:00-05:00,130.8699951171875,131.47999572753906,130.62010192871094,130.69000244140625,22760,0.0,0.0,0.0
2023-03-07 11:30:00-05:00,130.60000610351562,131.32000732421875,130.5800018310547,131.1699981689453,19331,0.0,0.0,0.0
2023-03-07 12:30:00-05:00,131.03309631347656,131.11000061035156,130.5500030517578,130.61000061035156,10177,0.0,0.0,0.0
2023-03-07 13:30:00-05:00,130.6199951171875,130.67999267578125,130.0500030517578,130.05999755859375,12050,0.0,0.0,0.0
2023-03-07 14:30:00-05:00,130.1072998046875,130.1072998046875,129.76539611816406,129.92999267578125,18196,0.0,0.0,0.0
2023-03-07 15:30:00-05:00,129.88999938964844,130.1699981689453,129.86000061035156,129.9199981689453,172259,0.0,0.0,0.0
2023-03-08 09:30:00-05:00,130.27999877929688,130.31480407714844,129.47999572753906,130.08999633789062,21503,0.0,0.0,0.0
2023-03-08 10:30:00-05:00,130.42999267578125,130.4799041748047,129.9499969482422,130.16799926757812,14583,0.0,0.0,0.0
2023-03-08 11:30:00-05:00,130.0,130.7100067138672,129.92999267578125,130.07049560546875,13483,0.0,0.0,0.0
2023-03-08 12:30:00-05:00,130.0,130.25390625,129.72000122070312,129.72000122070312,15962,0.0,0.0,0.0
2023-03-08 13:30:00-05:00,129.6699981689453,130.10000610351562,129.64100646972656,130.10000610351562,24759,0.0,0.0,0.0
2023-03-08 14:30:00-05:00,130.10499572753906,130.16000366210938,129.72000122070312,129.74960327148438,19424,0.0,0.0,0.0
2023-03-08 15:30:00-05:00,129.8800048828125,130.50999450683594,129.8800048828125,130.4199981689453,21513,0.0,0.0,0.0
2023-03-09 09:30:00-05:00,130.61000061035156,131.69500732421875,130.61000061035156,131.30999755859375,24794,0.0,0.0,0.0
2023-03-09 10:30:00-05:00,131.2899932861328,131.57000732421875,131.07000732421875,131.35000610351562,59523,0.0,0.0,0.0
2023-03-09 11:30:00-05:00,131.11099243164062,131.29010009765625,130.75,131.08999633789062,11852,0.0,0.0,0.0
2023-03-09 12:30:00-05:00,131.0800018310547,131.0800018310547,129.94000244140625,129.99000549316406,15687,0.0,0.0,0.0
2023-03-09 13:30:00-05:00,129.88499450683594,129.88499450683594,129.17999267578125,129.3000030517578,71827,0.0,0.0,0.0
2023-03-09 14:30:00-05:00,129.14999389648438,129.41000366210938,127.94000244140625,128.24000549316406,69726,0.0,0.0,0.0
2023-03-09 15:30:00-05:00,128.1300048828125,128.69000244140625,128.1199951171875,128.2449951171875,92220,0.0,0.0,0.0
2023-03-10 09:30:00-05:00,128.0500030517578,128.14999389648438,126.9000015258789,127.16000366210938,84860,0.0,0.0,0.0
2023-03-10 10:30:00-05:00,127.22000122070312,128.39999389648438,127.22000122070312,128.36000061035156,48596,0.0,0.0,0.0
2023-03-10 11:30:00-05:00,128.38999938964844,128.72999572753906,127.25,127.4000015258789,40518,0.0,0.0,0.0
2023-03-10 12:30:00-05:00,127.5,127.87000274658203,126.37000274658203,126.51000213623047,51911,0.0,0.0,0.0
2023-03-10 13:30:00-05:00,126.51000213623047,126.8499984741211,125.9800033569336,126.13999938964844,126343,0.0,0.0,0.0
2023-03-10 14:30:00-05:00,126.19000244140625,127.1500015258789,126.19000244140625,126.68000030517578,101298,0.0,0.0,0.0
2023-03-10 15:30:00-05:00,126.58999633789062,126.62999725341797,125.91000366210938,126.38999938964844,86706,0.0,0.0,0.0
2023-03-13 09:30:00-04:00,125.33000183105469,127.27010345458984,125.08999633789062,126.55999755859375,78035,0.0,0.0,0.0
2023-03-13 10:30:00-04:00,126.66999816894531,128.55999755859375,126.62000274658203,128.52000427246094,93975,0.0,0.0,0.0
2023-03-13 11:30:00-04:00,128.5,128.8699951171875,127.91999816894531,128.0800018310547,47664,0.0,0.0,0.0
2023-03-13 12:30:00-04:00,128.19000244140625,128.50999450683594,127.41000366210938,127.72000122070312,43660,0.0,0.0,0.0
2023-03-13 13:30:00-04:00,127.66999816894531,128.60000610351562,127.37999725341797,128.56410217285156,52467,0.0,0.0,0.0
2023-03-13 14:30:00-04:00,128.52999877929688,128.77999877929688,127.45999908447266,127.61000061035156,66552,0.0,0.0,0.0
2023-03-13 15:30:00-04:00,127.6500015258789,128.1999969482422,127.24500274658203,127.33999633789062,53959,0.0,0.0,0.0
2023-03-14 09:30:00-04:00,128.80999755859375,129.67999267578125,128.69000244140625,129.6699981689453,35860,0.0,0.0,0.0
2023-03-14 10:30:00-04:00,129.6999969482422,129.99000549316406,129.5399932861328,129.94000244140625,14134,0.0,0.0,0.0
2023-03-14 11:30:00-04:00,129.9600067138672,130.05999755859375,129.58999633789062,129.58999633789062,15761,0.0,0.0,0.0
2023-03-14 12:30:00-04:00,129.6999969482422,129.8300018310547,128.70010375976562,129.17999267578125,41581,0.0,0.0,0.0
2023-03-14 13:30:00-04:00,128.99000549316406,129.27000427246094,128.43670654296875,128.99000549316406,29290,0.0,0.0,0.0
2023-03-14 14:30:00-04:00,128.99000549316406,129.1199951171875,128.13999938964844,128.5471954345703,37028,0.0,0.0,0.0
2023-03-14 15:30:00-04:00,128.52000427246094,129.97000122070312,128.47999572753906,129.8300018310547,62141,0.0,0.0,0.0
2023-03-15 09:30:00-04:00,128.41000366210938,129.1199951171875,128.36000061035156,128.57000732421875,137205,0.0,0.0,0.0
2023-03-15 10:30:00-04:00,128.5500030517578,129.02000427246094,128.00999450683594,128.8040008544922,294728,0.0,0.0,0.0
2023-03-15 11:30:00-04:00,128.8000030517578,129.30999755859375,128.33250427246094,128.52000427246094,310551,0.0,0.0,0.0
2023-03-15 12:30:00-04:00,128.57000732421875,129.27999877929688,128.25,129.25,618224,0.0,0.0,0.0
2023-03-15 13:30:00-04:00,129.16000366210938,130.25999450683594,128.8300018310547,129.9499969482422,216238,0.0,0.0,0.0
2023-03-15 14:30:00-04:00,129.97999572753906,130.35499572753906,129.61000061035156,130.10000610351562,229576,0.0,0.0,0.0
2023-03-15 15:30:00-04:00,130.0800018310547,130.27000427246094,129.33999633789062,130.27000427246094,2626060,0.0,0.0,0.0
2023-03-16 09:30:00-04:00,129.67999267578125,130.50999450683594,129.57000732421875,130.36000061035156,33742,0.0,0.0,0.0
2023-03-16 10:30:00-04:00,130.2550048828125,132.1649932861328,130.2550048828125,132.07000732421875,96930,0.0,0.0,0.0
2023-03-16 11:30:00-04:00,132.16000366210938,132.75,132.07000732421875,132.5800018310547,53300,0.0,0.0,0.0
2023-03-16 12:30:00-04:00,132.61000061035156,133.17999267578125,132.30999755859375,132.9600067138672,153716,0.0,0.0,0.0
2023-03-16 13:30:00-04:00,132.83999633789062,132.99000549316406,132.66000366210938,132.9499969482422,28947,0.0,0.0,0.0
2023-03-16 14:30:00-04:00,132.92999267578125,133.47000122070312,132.6699981689453,133.32000732421875,31898,0.0,0.0,0.0
2023-03-16 15:30:00-04:00,133.3300018310547,133.4499969482422,133.0800018310547,133.3300018310547,31797,0.0,0.0,0.0
2023-03-17 09:30:00-04:00,133.4499969482422,134.17999267578125,133.00999450683594,133.10000610351562,50255,0.0,0.0,0.0
2023-03-17 10:30:00-04:00,133.13999938964844,133.17999267578125,132.16180419921875,132.2899932861328,26791,0.0,0.0,0.0
2023-03-17 11:30:00-04:00,132.33990478515625,132.75,132.0500030517578,132.75,49441,0.0,0.0,0.0
2023-03-17 12:30:00-04:00,132.7899932861328,133.25999450683594,132.5399932861328,133.0,15869,0.0,0.0,0.0
2023-03-17 13:30:00-04:00,133.02999877929688,133.30999755859375,132.4199981689453,132.4199981689453,27265,0.0,0.0,0.0
2023-03-17 14:30:00-04:00,132.4600067138672,132.97000122070312,132.14999389648438,132.92999267578125,76907,0.0,0.0,0.0
2023-03-17 15:30:00-04:00,132.85000610351562,132.97999572753906,132.52000427246094,132.82000732421875,30149,0.0,0.0,0.0
2023-03-20 09:30:00-04:00,132.38999938964844,132.6999969482422,132.08999633789062,132.5500030517578,44690,0.0,0.0,0.0
2023-03-20 10:30:00-04:00,132.6313018798828,133.39999389648438,132.4801025390625,133.36000061035156,30275,0.0,0.0,0.0
2023-03-20 11:30:00-04:00,133.38870239257812,133.38870239257812,132.21009826660156,132.52999877929688,32823,0.0,0.0,0.0
2023-03-20 12:30:00-04:00,132.57000732421875,133.1300048828125,132.5399932861328,133.0500030517578,70201,0.0,0.0,0.0
2023-03-20 13:30:00-04:00,132.99000549316406,133.19000244140625,132.88999938964844,133.11700439453125,12699,0.0,0.0,0.0
2023-03-20 14:30:00-04:00,133.07000732421875,133.22999572753906,132.7592010498047,133.0,37451,0.0,0.0,0.0
2023-03-20 15:30:00-04:00,132.94110107421875,133.4199981689453,132.94110107421875,133.2100067138672,24611,0.0,0.0,0.0
2023-03-21 09:30:00-04:00,134.10000610351562,134.66000366210938,133.82000732421875,133.94000244140625,55566,0.0,0.0,0.0
2023-03-21 10:30:00-04:00,133.8800048828125,134.08999633789062,133.57009887695312,133.99000549316406,18912,0.0,0.0,0.0
2023-03-21 11:30:00-04:00,133.98240661621094,134.1199951171875,133.57000732421875,134.11700439453125,39636,0.0,0.0,0.0
2023-03-21 12:30:00-04:00,134.1699981689453,134.44000244140625,134.07000732421875,134.4199981689453,16518,0.0,0.0,0.0
2023-03-21 13:30:00-04:00,134.5,134.57000732421875,134.21200561523438,134.34320068359375,50532,0.0,0.0,0.0
2023-03-21 14:30:00-04:00,134.44000244140625,134.97000122070312,134.44000244140625,134.95799255371094,18058,0.0,0.0,0.0
2023-03-21 15:30:00-04:00,134.9600067138672,135.3300018310547,134.94000244140625,135.2100067138672,45614,0.0,0.0,0.0
2023-03-22 09:30:00-04:00,135.08999633789062,135.77000427246094,134.94000244140625,135.72999572753906,22661,0.0,0.0,0.0
2023-03-22 10:30:00-04:00,135.7657012939453,135.77999877929688,135.47999572753906,135.6269073486328,17541,0.0,0.0,0.0
2023-03-22 11:30:00-04:00,135.77000427246094,135.80999755859375,135.29400634765625,135.41000366210938,4893,0.0,0.0,0.0
2023-03-22 12:30:00-04:00,135.3612060546875,135.47500610351562,135.1999969482422,135.47500610351562,7406,0.0,0.0,0.0
2023-03-22 13:30:00-04:00,135.49000549316406,136.7899932861328,135.47000122070312,136.25999450683594,23759,0.0,0.0,0.0
2023-03-22 14:30:00-04:00,136.13999938964844,137.0601043701172,134.66000366210938,135.90499877929688,68451,0.0,0.0,0.0
2023-03-22 15:30:00-04:00,135.92999267578125,135.92999267578125,133.39999389648438,133.4600067138672,74569,0.0,0.0,0.0
2023-03-23 09:30:00-04:00,134.75999450683594,135.44000244140625,134.5500030517578,135.4199981689453,23237,0.0,0.0,0.0
2023-03-23 10:30:00-04:00,135.35000610351562,136.23590087890625,135.27000427246094,135.80999755859375,38606,0.0,0.0,0.0
2023-03-23 11:30:00-04:00,135.75999450683594,135.97000122070312,135.60000610351562,135.80099487304688,12169,0.0,0.0,0.0
2023-03-23 12:30:00-04:00,135.8300018310547,135.8699951171875,134.8699951171875,135.07000732421875,16413,0.0,0.0,0.0
2023-03-23 13:30:00-04:00,135.10000610351562,135.30999755859375,134.10000610351562,134.10000610351562,20571,0.0,0.0,0.0
2023-03-23 14:30:00-04:00,134.1300048828125,134.77000427246094,133.35000610351562,134.00999450683594,52273,0.0,0.0,0.0
2023-03-23 15:30:00-04:00,133.75999450683594,134.99000549316406,133.75999450683594,134.3699951171875,34313,0.0,0.0,0.0
2023-03-24 09:30:00-04:00,133.88999938964844,134.11000061035156,133.1699981689453,134.06350708007812,35093,0.0,0.0,0.0
2023-03-24 10:30:00-04:00,134.0399932861328,134.16000366210938,133.2899932861328,133.47830200195312,25096,0.0,0.0,0.0
2023-03-24 11:30:00-04:00,133.42999267578125,134.44000244140625,133.30999755859375,133.6999969482422,31246,0.0,0.0,0.0
2023-03-24 12:30:00-04:00,133.89999389648438,134.3699951171875,133.82839965820312,134.22999572753906,15510,0.0,0.0,0.0
2023-03-24 13:30:00-04:00,134.3000030517578,134.47000122070312,134.0050048828125,134.3300018310547,21664,0.0,0.0,0.0
2023-03-24 14:30:00-04:00,134.50999450683594,135.02000427246094,134.4600067138672,134.87319946289062,31409,0.0,0.0,0.0
2023-03-24 15:30:00-04:00,134.9001007080078,134.97000122070312,134.5399932861328,134.97000122070312,16338,0.0,0.0,0.0
2023-03-27 09:30:00-04:00,135.41000366210938,135.7100067138672,135.02999877929688,135.08009338378906,44153,0.0,0.0,0.0
2023-03-27 10:30:00-04:00,135.08389282226562,135.08389282226562,134.58999633789062,134.7100067138672,21136,0.0,0.0,0.0
2023-03-27 11:30:00-04:00,134.66000366210938,134.6699981689453,134.00999450683594,134.4300994873047,47558,0.0,0.0,0.0
2023-03-27 12:30:00-04:00,134.47000122070312,134.47000122070312,134.02000427246094,134.3621063232422,12747,0.0,0.0,0.0
2023-03-27 13:30:00-04:00,134.4600067138672,134.66000366210938,134.22999572753906,134.6300048828125,49592,0.0,0.0,0.0
2023-03-27 14:30:00-04:00,134.61000061035156,134.97999572753906,134.61000061035156,134.6999969482422,126307,0.0,0.0,0.0
2023-03-27 15:30:00-04:00,134.75,134.75999450683594,134.0850067138672,134.2899932861328,106905,0.0,0.0,0.0
2023-03-28 09:30:00-04:00,134.24000549316406,134.24000549316406,133.35000610351562,133.55999755859375,40477,0.0,0.0,0.0
2023-03-28 10:30:00-04:00,133.47999572753906,133.57000732421875,133.0500946044922,133.52000427246094,19079,0.0,0.0,0.0
2023-03-28 11:30:00-04:00,133.52000427246094,133.6649932861328,133.27999877929688,133.32000732421875,8998,0.0,0.0,0.0
2023-03-28 12:30:00-04:00,133.17999267578125,133.35000610351562,133.15570068359375,133.22999572753906,12768,0.0,0.0,0.0
2023-03-28 13:30:00-04:00,133.23500061035156,133.2899932861328,132.7449951171875,133.01499938964844,42874,0.0,0.0,0.0
2023-03-28 14:30:00-04:00,132.9949951171875,133.3699951171875,132.93629455566406,133.19000244140625,49895,0.0,0.0,0.0
2023-03-28 15:30:00-04:00,133.14999389648438,133.6699981689453,133.11500549316406,133.66000366210938,46951,0.0,0.0,0.0
2023-03-29 09:30:00-04:00,135.13999938964844,135.36000061035156,134.9600067138672,134.99000549316406,42914,0.0,0.0,0.0
2023-03-29 10:30:00-04:00,135.0198974609375,135.02000427246094,134.6999969482422,134.97000122070312,20600,0.0,0.0,0.0
2023-03-29 11:30:00-04:00,135.031005859375,135.28970336914062,135.00999450683594,135.2427978515625,13690,0.0,0.0,0.0
2023-03-29 12:30:00-04:00,135.21420288085938,135.3665008544922,135.0095977783203,135.33999633789062,73654,0.0,0.0,0.0
2023-03-29 13:30:00-04:00,135.3300018310547,135.3300018310547,134.9499969482422,135.14999389648438,52235,0.0,0.0,0.0
2023-03-29 14:30:00-04:00,135.17999267578125,135.72900390625,135.17999267578125,135.69000244140625,34602,0.0,0.0,0.0
2023-03-29 15:30:00-04:00,135.69000244140625,135.7899932861328,135.53500366210938,135.6699981689453,25451,0.0,0.0,0.0
2023-03-30 09:30:00-04:00,136.55999755859375,136.77000427246094,136.2100067138672,136.6999969482422,31476,0.0,0.0,0.0
2023-03-30 10:30:00-04:00,136.75,136.75,136.5435028076172,136.57000732421875,49060,0.0,0.0,0.0
2023-03-30 11:30:00-04:00,136.4980010986328,136.6199951171875,136.3800048828125,136.4600067138672,13845,0.0,0.0,0.0
2023-03-30 12:30:00-04:00,136.39999389648438,136.41000366210938,136.2200927734375,136.25,16176,0.0,0.0,0.0
2023-03-30 13:30:00-04:00,136.2100067138672,136.5,136.02000427246094,136.5,18572,0.0,0.0,0.0
2023-03-30 14:30:00-04:00,136.5399932861328,136.72000122070312,136.4600067138672,136.72000122070312,23284,0.0,0.0,0.0
2023-03-30 15:30:00-04:00,136.69000244140625,136.75999450683594,136.625,136.6999969482422,36882,0.0,0.0,0.0
2023-03-31 09:30:00-04:00,136.83999633789062,137.47999572753906,136.83999633789062,137.3291015625,20073,0.0,0.0,0.0
2023-03-31 10:30:00-04:00,137.43960571289062,137.8739013671875,137.43960571289062,137.80799865722656,8765,0.0,0.0,0.0
2023-03-31 11:30:00-04:00,137.77420043945312,138.22500610351562,137.74420166015625,138.13499450683594,10032,0.0,0.0,0.0
2023-03-31 12:30:00-04:00,138.24000549316406,138.27000427246094,138.05999755859375,138.1199951171875,29728,0.0,0.0,0.0
2023-03-31 13:30:00-04:00,138.05999755859375,138.4116973876953,138.0,138.25999450683594,14546,0.0,0.0,0.0
2023-03-31 14:30:00-04:00,138.19000244140625,138.86000061035156,138.19000244140625,138.86000061035156,17139,0.0,0.0,0.0
2023-03-31 15:30:00-04:00,138.92999267578125,139.0800018310547,138.49000549316406,138.91000366210938,34009,0.0,0.0,0.0
2023-04-03 09:30:00-04:00,138.35000610351562,139.10000610351562,138.25,139.05499267578125,181423,0.0,0.0,0.0
2023-04-03 10:30:00-04:00,139.05140686035156,139.05140686035156,138.10560607910156,138.310302734375,25670,0.0,0.0,0.0
2023-04-03 11:30:00-04:00,138.3300018310547,138.50169372558594,138.17999267578125,138.45069885253906,8780,0.0,0.0,0.0
2023-04-03 12:30:00-04:00,138.3699951171875,138.41940307617188,138.14999389648438,138.2299041748047,97357,0.0,0.0,0.0
2023-04-03 13:30:00-04:00,138.2899932861328,138.3699951171875,138.14999389648438,138.3699951171875,12320,0.0,0.0,0.0
2023-04-03 14:30:00-04:00,138.38999938964844,139.00999450683594,138.3800048828125,138.99000549316406,55083,0.0,0.0,0.0
2023-04-03 15:30:00-04:00,139.0,139.27999877929688,138.9279022216797,139.1699981689453,20578,0.0,0.0,0.0
2023-04-04 09:30:00-04:00,139.30999755859375,139.8800048828125,139.02000427246094,139.38450622558594,26307,0.0,0.0,0.0
2023-04-04 10:30:00-04:00,139.5500030517578,139.5988006591797,138.8300018310547,138.97999572753906,44939,0.0,0.0,0.0
2023-04-04 11:30:00-04:00,138.9499969482422,139.1300048828125,138.52000427246094,138.7899932861328,79216,0.0,0.0,0.0
2023-04-04 12:30:00-04:00,138.82000732421875,139.00999450683594,138.65179443359375,139.00999450683594,39273,0.0,0.0,0.0
2023-04-04 13:30:00-04:00,138.9600067138672,139.0299072265625,138.59500122070312,138.61000061035156,19147,0.0,0.0,0.0
2023-04-04 14:30:00-04:00,138.58999633789062,138.6699981689453,138.41000366210938,138.49099731445312,18074,0.0,0.0,0.0
2023-04-04 15:30:00-04:00,138.47999572753906,138.72000122070312,138.36000061035156,138.67999267578125,21396,0.0,0.0,0.0
2023-04-05 09:30:00-04:00,138.47000122070312,138.47000122070312,137.75999450683594,137.75999450683594,31500,0.0,0.0,0.0
2023-04-05 10:30:00-04:00,137.77999877929688,137.77999877929688,137.2301025390625,137.3699951171875,13536,0.0,0.0,0.0
2023-04-05 11:30:00-04:00,137.3800048828125,137.6199951171875,137.00999450683594,137.05499267578125,56351,0.0,0.0,0.0
2023-04-05 12:30:00-04:00,136.98500061035156,137.3498992919922,136.98500061035156,137.31520080566406,12105,0.0,0.0,0.0
2023-04-05 13:30:00-04:00,137.3300018310547,137.61000061035156,137.26010131835938,137.44000244140625,103153,0.0,0.0,0.0
2023-04-05 14:30:00-04:00,137.4199981689453,137.72999572753906,137.32000732421875,137.44000244140625,20363,0.0,0.0,0.0
2023-04-05 15:30:00-04:00,137.47999572753906,137.74000549316406,137.4499969482422,137.66000366210938,22848,0.0,0.0,0.0
2023-04-06 09:30:00-04:00,137.0800018310547,137.30999755859375,136.5,137.19000244140625,26105,0.0,0.0,0.0
2023-04-06 10:30:00-04:00,137.2050018310547,137.63999938964844,137.00999450683594,137.52999877929688,19968,0.0,0.0,0.0
2023-04-06 11:30:00-04:00,137.60240173339844,138.3000030517578,137.5500030517578,138.2100067138672,13259,0.0,0.0,0.0
2023-04-06 12:30:00-04:00,138.29330444335938,138.3990936279297,138.06239318847656,138.30999755859375,10836,0.0,0.0,0.0
2023-04-06 13:30:00-04:00,138.38999938964844,138.64999389648438,138.27999877929688,138.59950256347656,10003,0.0,0.0,0.0
2023-04-06 14:30:00-04:00,138.66000366210938,138.66000366210938,138.38999938964844,138.5399932861328,54722,0.0,0.0,0.0
2023-04-06 15:30:00-04:00,138.5449981689453,138.67999267578125,138.52999877929688,138.63999938964844,41065,0.0,0.0,0.0
2023-04-10 09:30:00-04:00,137.3800048828125,137.3800048828125,136.6199951171875,136.9199981689453,31562,0.0,0.0,0.0
2023-04-10 10:30:00-04:00,136.8699951171875,137.5500030517578,136.8699951171875,137.46499633789062,36865,0.0,0.0,0.0
2023-04-10 11:30:00-04:00,137.47959899902344,137.69619750976562,137.0399932861328,137.24000549316406,10342,0.0,0.0,0.0
2023-04-10 12:30:00-04:00,137.33999633789062,138.0399932861328,137.33999633789062,138.0399932861328,13518,0.0,0.0,0.0
2023-04-10 13:30:00-04:00,138.05909729003906,138.1898956298828,137.83999633789062,138.0989990234375,0,0.0,0.0,0.0
2023-04-10 14:30:00-04:00,138.14999389648438,138.25999450683594,137.92999267578125,138.10000610351562,125610,0.0,0.0,0.0
2023-04-10 15:30:00-04:00,138.05999755859375,138.3300018310547,138.0543975830078,138.3300018310547,18432,0.0,0.0,0.0
2023-04-11 09:30:00-04:00,138.3699951171875,138.3699951171875,137.55999755859375,137.72999572753906,13746,0.0,0.0,0.0
2023-04-11 10:30:00-04:00,137.7917938232422,137.7917938232422,137.47000122070312,137.64999389648438,14623,0.0,0.0,0.0
2023-04-11 11:30:00-04:00,137.6300048828125,137.92999267578125,137.4499969482422,137.77760314941406,6535,0.0,0.0,0.0
2023-04-11 12:30:00-04:00,137.7700958251953,137.94000244140625,137.66189575195312,137.9199981689453,18922,0.0,0.0,0.0
2023-04-11 13:30:00-04:00,138.00999450683594,138.16000366210938,137.94000244140625,138.14999389648438,53625,0.0,0.0,0.0
2023-04-11 14:30:00-04:00,138.17999267578125,138.22999572753906,138.05999755859375,138.1300048828125,48563,0.0,0.0,0.0
2023-04-11 15:30:00-04:00,138.1300048828125,138.13999938964844,137.5399932861328,137.67999267578125,51219,0.0,0.0,0.0
2023-04-12 09:30:00-04:00,138.4199981689453,138.64999389648438,137.63999938964844,138.3699951171875,26468,0.0,0.0,0.0
2023-04-12 10:30:00-04:00,138.44000244140625,138.44000244140625,137.07000732421875,137.4593048095703,21310,0.0,0.0,0.0
2023-04-12 11:30:00-04:00,137.4600067138672,137.96499633789062,137.4499969482422,137.9600067138672,41762,0.0,0.0,0.0
2023-04-12 12:30:00-04:00,137.9199981689453,138.25999450683594,137.84019470214844,138.1199951171875,9748,0.0,0.0,0.0
2023-04-12 13:30:00-04:00,138.1750030517578,138.24000549316406,137.39999389648438,137.44000244140625,51563,0.0,0.0,0.0
2023-04-12 14:30:00-04:00,137.3699951171875,137.38999938964844,136.6999969482422,136.72149658203125,21786,0.0,0.0,0.0
2023-04-12 15:30:00-04:00,136.92999267578125,137.02879333496094,136.64999389648438,136.85000610351562,21690,0.0,0.0,0.0
2023-04-13 09:30:00-04:00,137.47000122070312,138.47999572753906,137.47000122070312,138.47999572753906,18466,0.0,0.0,0.0
2023-04-13 10:30:00-04:00,138.4600067138672,138.56109619140625,138.24090576171875,138.5299072265625,34603,0.0,0.0,0.0
2023-04-13 11:30:00-04:00,138.5048065185547,138.73989868164062,138.3699951171875,138.73989868164062,8738,0.0,0.0,0.0
2023-04-13 12:30:00-04:00,138.69000244140625,138.89990234375,138.57159423828125,138.8441925048828,9565,0.0,0.0,0.0
2023-04-13 13:30:00-04:00,138.91000366210938,139.4600067138672,138.852294921875,139.38999938964844,18622,0.0,0.0,0.0
2023-04-13 14:30:00-04:00,139.3000030517578,139.52999877929688,139.3000030517578,139.46499633789062,44864,0.0,0.0,0.0
2023-04-13 15:30:00-04:00,139.4853057861328,139.55690002441406,139.33999633789062,139.4499969482422,22340,0.0,0.0,0.0
2023-04-14 09:30:00-04:00,138.85000610351562,139.7458953857422,138.6300048828125,138.72000122070312,25762,0.0,0.0,0.0
2023-04-14 10:30:00-04:00,138.80999755859375,138.88999938964844,138.5399932861328,138.6385955810547,13268,0.0,0.0,0.0
2023-04-14 11:30:00-04:00,138.56500244140625,138.6699981689453,138.3000030517578,138.36790466308594,18412,0.0,0.0,0.0
2023-04-14 12:30:00-04:00,138.2899932861328,138.4600067138672,137.9600067138672,138.14999389648438,9098,0.0,0.0,0.0
2023-04-14 13:30:00-04:00,138.0800018310547,138.75999450683594,137.99879455566406,138.75999450683594,10940,0.0,0.0,0.0
2023-04-14 14:30:00-04:00,138.8856964111328,138.91000366210938,138.38999938964844,138.75010681152344,37670,0.0,0.0,0.0
2023-04-14 15:30:00-04:00,138.74000549316406,139.07000732421875,138.74000549316406,138.99000549316406,8733,0.0,0.0,0.0
2023-04-17 09:30:00-04:00,138.8800048828125,139.17849731445312,138.74000549316406,138.8300018310547,11124,0.0,0.0,0.0
2023-04-17 10:30:00-04:00,138.82000732421875,138.8699951171875,138.47999572753906,138.57000732421875,14968,0.0,0.0,0.0
2023-04-17 11:30:00-04:00,138.39999389648438,138.44000244140625,138.1199951171875,138.22999572753906,20195,0.0,0.0,0.0
2023-04-17 12:30:00-04:00,138.27499389648438,138.55999755859375,138.2449951171875,138.44729614257812,12770,0.0,0.0,0.0
2023-04-17 13:30:00-04:00,138.5,138.5500030517578,138.25,138.3350067138672,37471,0.0,0.0,0.0
2023-04-17 14:30:00-04:00,138.37989807128906,138.9600067138672,138.36000061035156,138.9499969482422,15467,0.0,0.0,0.0
2023-04-17 15:30:00-04:00,138.97500610351562,139.1699981689453,138.9199981689453,139.13999938964844,18087,0.0,0.0,0.0
2023-04-18 09:30:00-04:00,140.0,140.13999938964844,139.0399932861328,139.0800018310547,20186,0.0,0.0,0.0
2023-04-18 10:30:00-04:00,139.02000427246094,139.27999877929688,138.94000244140625,139.101806640625,8529,0.0,0.0,0.0
2023-04-18 11:30:00-04:00,139.24000549316406,139.36990356445312,138.99000549316406,139.36990356445312,42003,0.0,0.0,0.0
2023-04-18 12:30:00-04:00,139.38999938964844,139.38999938964844,139.14999389648438,139.14999389648438,18810,0.0,0.0,0.0
2023-04-18 13:30:00-04:00,139.11500549316406,139.41799926757812,139.11500549316406,139.3800048828125,453388,0.0,0.0,0.0
2023-04-18 14:30:00-04:00,139.32989501953125,139.42990112304688,138.94009399414062,139.1800994873047,28217,0.0,0.0,0.0
2023-04-18 15:30:00-04:00,139.19000244140625,139.4600067138672,139.16000366210938,139.35000610351562,41786,0.0,0.0,0.0
2023-04-19 09:30:00-04:00,138.41000366210938,138.9499969482422,138.41000366210938,138.8699951171875,30988,0.0,0.0,0.0
2023-04-19 10:30:00-04:00,138.8800048828125,139.29100036621094,138.86289978027344,139.16000366210938,25732,0.0,0.0,0.0
2023-04-19 11:30:00-04:00,139.19000244140625,139.57000732421875,139.12010192871094,139.52920532226562,21582,0.0,0.0,0.0
2023-04-19 12:30:00-04:00,139.62989807128906,139.7050018310547,139.49000549316406,139.6199951171875,27446,0.0,0.0,0.0
2023-04-19 13:30:00-04:00,139.58070373535156,139.83999633789062,139.51010131835938,139.60000610351562,7601,0.0,0.0,0.0
2023-04-19 14:30:00-04:00,139.6300048828125,139.72500610351562,139.47999572753906,139.61000061035156,13665,0.0,0.0,0.0
2023-04-19 15:30:00-04:00,139.60000610351562,139.66000366210938,139.32000732421875,139.50999450683594,16017,0.0,0.0,0.0
2023-04-20 09:30:00-04:00,138.25999450683594,139.25,138.25999450683594,139.13499450683594,34176,0.0,0.0,0.0
2023-04-20 10:30:00-04:00,139.13999938964844,139.27999877929688,138.7899932861328,139.0489959716797,43220,0.0,0.0,0.0
2023-04-20 11:30:00-04:00,139.03660583496094,139.27999877929688,138.89990234375,139.24000549316406,14200,0.0,0.0,0.0
2023-04-20 12:30:00-04:00,139.25,139.65499877929688,139.25,139.63999938964844,31322,0.0,0.0,0.0
2023-04-20 13:30:00-04:00,139.66000366210938,139.66000366210938,138.9600067138672,138.9600067138672,11302,0.0,0.0,0.0
2023-04-20 14:30:00-04:00,138.97999572753906,138.97999572753906,138.17999267578125,138.1999969482422,25238,0.0,0.0,0.0
2023-04-20 15:30:00-04:00,138.19000244140625,138.77999877929688,138.19000244140625,138.72000122070312,72540,0.0,0.0,0.0
2023-04-21 09:30:00-04:00,138.77999877929688,139.0,138.14999389648438,138.75,10048,0.0,0.0,0.0
2023-04-21 10:30:00-04:00,138.75869750976562,138.75869750976562,138.22999572753906,138.67999267578125,25533,0.0,0.0,0.0
2023-04-21 11:30:00-04:00,138.72000122070312,138.94850158691406,138.57000732421875,138.75999450683594,15953,0.0,0.0,0.0
2023-04-21 12:30:00-04:00,138.72830200195312,138.9199981689453,138.6300048828125,138.69700622558594,15536,0.0,0.0,0.0
2023-04-21 13:30:00-04:00,138.8000030517578,139.09750366210938,138.8000030517578,139.0399932861328,25883,0.0,0.0,0.0
2023-04-21 14:30:00-04:00,138.9539031982422,138.9539031982422,138.61000061035156,138.66000366210938,28668,0.0,0.0,0.0
2023-04-21 15:30:00-04:00,138.78500366210938,138.92999267578125,138.66000366210938,138.8800048828125,40183,0.0,0.0,0.0
2023-04-24 09:30:00-04:00,138.6699981689453,139.2899932861328,138.6699981689453,138.95889282226562,13176,0.0,0.0,0.0
2023-04-24 10:30:00-04:00,138.89999389648438,138.89999389648438,138.1199951171875,138.24000549316406,14326,0.0,0.0,0.0
2023-04-24 11:30:00-04:00,138.07000732421875,138.2100067138672,137.83009338378906,138.1199951171875,7939,0.0,0.0,0.0
2023-04-24 12:30:00-04:00,138.1060028076172,138.2899932861328,138.10000610351562,138.2899932861328,8708,0.0,0.0,0.0
2023-04-24 13:30:00-04:00,138.2899932861328,138.67999267578125,138.27000427246094,138.5399932861328,61943,0.0,0.0,0.0
2023-04-24 14:30:00-04:00,138.5500030517578,138.67999267578125,138.39999389648438,138.61000061035156,26635,0.0,0.0,0.0
2023-04-24 15:30:00-04:00,138.6699981689453,138.72000122070312,138.5399932861328,138.6959991455078,32640,0.0,0.0,0.0
2023-04-25 09:30:00-04:00,138.14999389648438,138.4969940185547,137.75180053710938,137.80499267578125,25549,0.0,0.0,0.0
2023-04-25 10:30:00-04:00,137.77999877929688,138.0500030517578,137.64999389648438,137.8300018310547,28807,0.0,0.0,0.0
2023-04-25 11:30:00-04:00,137.75,137.75,137.4055938720703,137.44000244140625,24515,0.0,0.0,0.0
2023-04-25 12:30:00-04:00,137.35009765625,137.5,136.83999633789062,137.05999755859375,63567,0.0,0.0,0.0
2023-04-25 13:30:00-04:00,137.0800018310547,137.0800018310547,136.5886993408203,136.80499267578125,33042,0.0,0.0,0.0
2023-04-25 14:30:00-04:00,136.76499938964844,136.90499877929688,136.60000610351562,136.67999267578125,60824,0.0,0.0,0.0
2023-04-25 15:30:00-04:00,136.67999267578125,136.77000427246094,136.25999450683594,136.3000030517578,143394,0.0,0.0,0.0
2023-04-26 09:30:00-04:00,137.8000030517578,137.80999755859375,137.22000122070312,137.25430297851562,21995,0.0,0.0,0.0
2023-04-26 10:30:00-04:00,137.33999633789062,138.05490112304688,137.33999633789062,137.95809936523438,34546,0.0,0.0,0.0
2023-04-26 11:30:00-04:00,137.94500732421875,138.2899932861328,137.86000061035156,138.13999938964844,89702,0.0,0.0,0.0
2023-04-26 12:30:00-04:00,138.08999633789062,138.08999633789062,137.6750030517578,137.6750030517578,27038,0.0,0.0,0.0
2023-04-26 13:30:00-04:00,137.72000122070312,137.74859619140625,137.24000549316406,137.39669799804688,14929,0.0,0.0,0.0
2023-04-26 14:30:00-04:00,137.2729034423828,137.2799072265625,136.9499969482422,137.07000732421875,20569,0.0,0.0,0.0
2023-04-26 15:30:00-04:00,137.06900024414062,137.25999450683594,136.8300018310547,137.1199951171875,27353,0.0,0.0,0.0
2023-04-27 09:30:00-04:00,137.88999938964844,138.58999633789062,137.7899932861328,138.4145965576172,53446,0.0,0.0,0.0
2023-04-27 10:30:00-04:00,138.4499969482422,139.0,138.4199981689453,138.97000122070312,49978,0.0,0.0,0.0
2023-04-27 11:30:00-04:00,138.95950317382812,139.1199951171875,138.86729431152344,139.11000061035156,10823,0.0,0.0,0.0
2023-04-27 12:30:00-04:00,139.0800018310547,139.41819763183594,139.0800018310547,139.41000366210938,12534,0.0,0.0,0.0
2023-04-27 13:30:00-04:00,139.39999389648438,139.8699951171875,139.39999389648438,139.85000610351562,12190,0.0,0.0,0.0
2023-04-27 14:30:00-04:00,139.8800048828125,140.2100067138672,139.77000427246094,140.07000732421875,34250,0.0,0.0,0.0
2023-04-27 15:30:00-04:00,140.07009887695312,140.22000122070312,140.0,140.08999633789062,17405,0.0,0.0,0.0
2023-04-28 09:30:00-04:00,139.75999450683594,140.74000549316406,139.5,140.72000122070312,43562,0.0,0.0,0.0
2023-04-28 10:30:00-04:00,140.77000427246094,140.77000427246094,139.75,139.99000549316406,69163,0.0,0.0,0.0
2023-04-28 11:30:00-04:00,140.13999938964844,140.62989807128906,140.13999938964844,140.41000366210938,18837,0.0,0.0,0.0
2023-04-28 12:30:00-04:00,140.56199645996094,140.8300018310547,140.40640258789062,140.7884063720703,19393,0.0,0.0,0.0
2023-04-28 13:30:00-04:00,140.79190063476562,140.79190063476562,140.5092010498047,140.60000610351562,22905,0.0,0.0,0.0
2023-04-28 14:30:00-04:00,140.66000366210938,140.92999267578125,140.46009826660156,140.72999572753906,26855,0.0,0.0,0.0
2023-04-28 15:30:00-04:00,140.74000549316406,141.10000610351562,140.6649932861328,141.0800018310547,57164,0.0,0.0,0.0
2023-05-01 09:30:00-04:00,140.92999267578125,141.30999755859375,140.8699951171875,141.0,14542,0.0,0.0,0.0
2023-05-01 10:30:00-04:00,141.0279998779297,141.37789916992188,140.82000732421875,140.92010498046875,20330,0.0,0.0,0.0
2023-05-01 11:30:00-04:00,140.9199981689453,141.30079650878906,140.8800048828125,141.2899932861328,17479,0.0,0.0,0.0
2023-05-01 12:30:00-04:00,141.36090087890625,141.67999267578125,141.36090087890625,141.52999877929688,31110,0.0,0.0,0.0
2023-05-01 13:30:00-04:00,141.5500030517578,141.67999267578125,141.25999450683594,141.27999877929688,20573,0.0,0.0,0.0
2023-05-01 14:30:00-04:00,141.2899932861328,141.2899932861328,140.97850036621094,141.06500244140625,15673,0.0,0.0,0.0
2023-05-01 15:30:00-04:00,141.08920288085938,141.19000244140625,140.86000061035156,141.02000427246094,26587,0.0,0.0,0.0
2023-05-02 09:30:00-04:00,140.9600067138672,141.01800537109375,140.0,140.0,19174,0.0,0.0,0.0
2023-05-02 10:30:00-04:00,140.0500030517578,140.05999755859375,139.16000366210938,139.27000427246094,29201,0.0,0.0,0.0
2023-05-02 11:30:00-04:00,139.27540588378906,139.5399932861328,139.0863037109375,139.47000122070312,35347,0.0,0.0,0.0
2023-05-02 12:30:00-04:00,139.52999877929688,139.95089721679688,139.52999877929688,139.95089721679688,13768,0.0,0.0,0.0
2023-05-02 13:30:00-04:00,140.0,140.17999267578125,139.77999877929688,139.81129455566406,18867,0.0,0.0,0.0
2023-05-02 14:30:00-04:00,139.94869995117188,140.27999877929688,139.87240600585938,140.1186981201172,58732,0.0,0.0,0.0
2023-05-02 15:30:00-04:00,140.05999755859375,140.1300048828125,139.83999633789062,139.94000244140625,60617,0.0,0.0,0.0
2023-05-03 09:30:00-04:00,140.02999877929688,140.57000732421875,140.02999877929688,140.3404998779297,10922,0.0,0.0,0.0
2023-05-03 10:30:00-04:00,140.2100067138672,140.31509399414062,139.9600067138672,139.97999572753906,22790,0.0,0.0,0.0
2023-05-03 11:30:00-04:00,140.0800018310547,140.3878936767578,140.0800018310547,140.27850341796875,6311,0.0,0.0,0.0
2023-05-03 12:30:00-04:00,140.3000030517578,140.57000732421875,140.23980712890625,140.57000732421875,15450,0.0,0.0,0.0
2023-05-03 13:30:00-04:00,140.57000732421875,141.07000732421875,140.22999572753906,140.83999633789062,39991,0.0,0.0,0.0
2023-05-03 14:30:00-04:00,140.7812042236328,141.22999572753906,139.50999450683594,139.74000549316406,44315,0.0,0.0,0.0
2023-05-03 15:30:00-04:00,139.47000122070312,139.47000122070312,139.08999633789062,139.14999389648438,16776,0.0,0.0,0.0
2023-05-04 09:30:00-04:00,138.72000122070312,138.83999633789062,138.17999267578125,138.24000549316406,24464,0.0,0.0,0.0
2023-05-04 10:30:00-04:00,138.0,138.94000244140625,137.94000244140625,138.52000427246094,22673,0.0,0.0,0.0
2023-05-04 11:30:00-04:00,138.58999633789062,138.67999267578125,138.11000061035156,138.50999450683594,42388,0.0,0.0,0.0
2023-05-04 12:30:00-04:00,138.58999633789062,139.0800018310547,138.36000061035156,138.8800048828125,28294,0.0,0.0,0.0
2023-05-04 13:30:00-04:00,138.9727020263672,139.10000610351562,138.46499633789062,138.46499633789062,30130,0.0,0.0,0.0
2023-05-04 14:30:00-04:00,138.4136962890625,138.75999450683594,138.2899932861328,138.47999572753906,24351,0.0,0.0,0.0
2023-05-04 15:30:00-04:00,138.5800018310547,138.7899932861328,138.4199981689453,138.49000549316406,31158,0.0,0.0,0.0
2023-05-05 09:30:00-04:00,139.80999755859375,140.91000366210938,139.69000244140625,140.85000610351562,28959,0.0,0.0,0.0
2023-05-05 10:30:00-04:00,140.86000061035156,141.24600219726562,140.86000061035156,141.0399932861328,13411,0.0,0.0,0.0
2023-05-05 11:30:00-04:00,141.1199951171875,141.1199951171875,140.8199005126953,140.86000061035156,9697,0.0,0.0,0.0
2023-05-05 12:30:00-04:00,140.84100341796875,141.11920166015625,140.7899932861328,141.10989379882812,20712,0.0,0.0,0.0
2023-05-05 13:30:00-04:00,141.14999389648438,141.5500030517578,141.14999389648438,141.52000427246094,103471,0.0,0.0,0.0
2023-05-05 14:30:00-04:00,141.5399932861328,141.91000366210938,141.50999450683594,141.72000122070312,44164,0.0,0.0,0.0
2023-05-05 15:30:00-04:00,141.72000122070312,141.75,141.4199981689453,141.4600067138672,21698,0.0,0.0,0.0
2023-05-08 09:30:00-04:00,141.3300018310547,141.4759063720703,141.07000732421875,141.27999877929688,8042,0.0,0.0,0.0
2023-05-08 10:30:00-04:00,141.22999572753906,141.5,141.0500030517578,141.42820739746094,13434,0.0,0.0,0.0
2023-05-08 11:30:00-04:00,141.2100067138672,141.55999755859375,141.1999969482422,141.4342041015625,21875,0.0,0.0,0.0
2023-05-08 12:30:00-04:00,141.49070739746094,141.60000610351562,141.4040985107422,141.5399932861328,58883,0.0,0.0,0.0
2023-05-08 13:30:00-04:00,141.63999938964844,141.6999969482422,141.135498046875,141.61570739746094,14844,0.0,0.0,0.0
2023-05-08 14:30:00-04:00,141.67999267578125,141.8480987548828,141.5800018310547,141.64999389648438,34594,0.0,0.0,0.0
2023-05-08 15:30:00-04:00,141.6300048828125,141.82000732421875,141.6300048828125,141.6999969482422,14335,0.0,0.0,0.0
2023-05-09 09:30:00-04:00,141.22000122070312,141.61000061035156,141.22000122070312,141.3791046142578,11397,0.0,0.0,0.0
2023-05-09 10:30:00-04:00,141.25079345703125,141.47000122070312,141.25079345703125,141.3881072998047,20188,0.0,0.0,0.0
2023-05-09 11:30:00-04:00,141.35809326171875,141.35809326171875,141.0460968017578,141.0800018310547,14894,0.0,0.0,0.0
2023-05-09 12:30:00-04:00,141.11000061035156,141.33999633789062,141.0904998779297,141.2899932861328,9031,0.0,0.0,0.0
2023-05-09 13:30:00-04:00,141.27999877929688,141.3800048828125,141.19940185546875,141.302001953125,10856,0.0,0.0,0.0
2023-05-09 14:30:00-04:00,141.2899932861328,141.3000030517578,141.06719970703125,141.1300048828125,43124,0.0,0.0,0.0
2023-05-09 15:30:00-04:00,141.17990112304688,141.17999267578125,141.02000427246094,141.0500030517578,20533,0.0,0.0,0.0
2023-05-10 09:30:00-04:00,141.99000549316406,142.5800018310547,141.7100067138672,142.15960693359375,31590,0.0,0.0,0.0
2023-05-10 10:30:00-04:00,142.17999267578125,142.27999877929688,141.3800048828125,142.0074005126953,17727,0.0,0.0,0.0
2023-05-10 11:30:00-04:00,142.02000427246094,142.22000122070312,141.68870544433594,141.81939697265625,27490,0.0,0.0,0.0
2023-05-10 12:30:00-04:00,141.8300018310547,142.02000427246094,141.16000366210938,141.16000366210938,8642,0.0,0.0,0.0
2023-05-10 13:30:00-04:00,141.1199951171875,141.99000549316406,141.10000610351562,141.93499755859375,15625,0.0,0.0,0.0
2023-05-10 14:30:00-04:00,141.91000366210938,142.75999450683594,141.91000366210938,142.75999450683594,30448,0.0,0.0,0.0
2023-05-10 15:30:00-04:00,142.6649932861328,142.85000610351562,142.39999389648438,142.47999572753906,14194,0.0,0.0,0.0
2023-05-11 09:30:00-04:00,142.6999969482422,142.6999969482422,142.02000427246094,142.22000122070312,22879,0.0,0.0,0.0
2023-05-11 10:30:00-04:00,142.20840454101562,142.61000061035156,141.91000366210938,142.5800018310547,28647,0.0,0.0,0.0
2023-05-11 11:30:00-04:00,142.64999389648438,142.8000030517578,142.5,142.57000732421875,33426,0.0,0.0,0.0
2023-05-11 12:30:00-04:00,142.6699981689453,142.839599609375,142.52999877929688,142.5688934326172,13784,0.0,0.0,0.0
2023-05-11 13:30:00-04:00,142.5500030517578,142.73939514160156,142.22000122070312,142.67999267578125,40506,0.0,0.0,0.0
2023-05-11 14:30:00-04:00,142.69000244140625,143.00999450683594,142.6699981689453,142.85000610351562,47147,0.0,0.0,0.0
2023-05-11 15:30:00-04:00,142.8000030517578,142.85060119628906,142.5800018310547,142.74000549316406,25450,0.0,0.0,0.0
2023-05-12 09:30:00-04:00,143.0500030517578,143.19000244140625,142.4600067138672,142.5500030517578,13008,0.0,0.0,0.0
2023-05-12 10:30:00-04:00,142.42999267578125,142.58999633789062,142.15899658203125,142.17999267578125,11021,0.0,0.0,0.0
2023-05-12 11:30:00-04:00,142.17959594726562,142.41000366210938,141.89999389648438,141.94000244140625,26289,0.0,0.0,0.0
2023-05-12 12:30:00-04:00,141.8603057861328,142.10000610351562,141.5601043701172,141.9600067138672,11108,0.0,0.0,0.0
2023-05-12 13:30:00-04:00,141.99000549316406,142.00999450683594,141.52999877929688,141.6300048828125,26257,0.0,0.0,0.0
2023-05-12 14:30:00-04:00,141.57000732421875,141.98939514160156,141.57000732421875,141.9600067138672,15825,0.0,0.0,0.0
2023-05-12 15:30:00-04:00,142.05999755859375,142.4499969482422,142.0399932861328,142.44000244140625,30335,0.0,0.0,0.0
2023-05-15 09:30:00-04:00,142.5,142.53439331054688,141.85000610351562,142.0449981689453,15753,0.0,0.0,0.0
2023-05-15 10:30:00-04:00,142.0,142.52000427246094,142.0,142.52000427246094,14141,0.0,0.0,0.0
2023-05-15 11:30:00-04:00,142.41000366210938,142.55999755859375,142.33880615234375,142.42999267578125,12956,0.0,0.0,0.0
2023-05-15 12:30:00-04:00,142.4600067138672,142.80999755859375,142.36500549316406,142.4499969482422,12090,0.0,0.0,0.0
2023-05-15 13:30:00-04:00,142.45919799804688,142.67999267578125,142.27000427246094,142.5323944091797,17465,0.0,0.0,0.0
2023-05-15 14:30:00-04:00,142.57000732421875,142.6999969482422,142.51499938964844,142.67999267578125,16275,0.0,0.0,0.0
2023-05-15 15:30:00-04:00,142.67999267578125,142.7899932861328,142.57269287109375,142.7899932861328,24980,0.0,0.0,0.0
2023-05-16 09:30:00-04:00,142.44000244140625,143.23989868164062,142.44000244140625,143.11000061035156,20152,0.0,0.0,0.0
2023-05-16 10:30:00-04:00,143.19000244140625,143.3000030517578,142.82009887695312,143.28970336914062,15934,0.0,0.0,0.0
2023-05-16 11:30:00-04:00,143.30999755859375,143.39999389648438,142.9700927734375,143.35000610351562,25643,0.0,0.0,0.0
2023-05-16 12:30:00-04:00,143.36000061035156,143.42999267578125,143.22999572753906,143.22999572753906,20889,0.0,0.0,0.0
2023-05-16 13:30:00-04:00,143.22999572753906,143.42160034179688,143.1199951171875,143.17999267578125,26757,0.0,0.0,0.0
2023-05-16 14:30:00-04:00,143.0500030517578,143.35000610351562,143.0500030517578,143.30999755859375,17775,0.0,0.0,0.0
2023-05-16 15:30:00-04:00,143.30999755859375,143.30999755859375,142.7404022216797,142.75999450683594,26691,0.0,0.0,0.0
2023-05-17 09:30:00-04:00,143.3300018310547,143.375,142.88999938964844,143.12010192871094,13545,0.0,0.0,0.0
2023-05-17 10:30:00-04:00,143.19000244140625,143.58999633789062,143.0399932861328,143.25999450683594,26679,0.0,0.0,0.0
2023-05-17 11:30:00-04:00,143.30999755859375,143.5428009033203,143.27999877929688,143.5290069580078,9843,0.0,0.0,0.0
2023-05-17 12:30:00-04:00,143.56790161132812,144.4199981689453,143.56790161132812,144.3800048828125,18016,0.0,0.0,0.0
2023-05-17 13:30:00-04:00,144.39999389648438,144.64999389648438,144.3415069580078,144.53759765625,25160,0.0,0.0,0.0
2023-05-17 14:30:00-04:00,144.54989624023438,144.57969665527344,144.28810119628906,144.3437957763672,71619,0.0,0.0,0.0
2023-05-17 15:30:00-04:00,144.47000122070312,144.64999389648438,144.35000610351562,144.5399932861328,21063,0.0,0.0,0.0
2023-05-18 09:30:00-04:00,144.67999267578125,145.59950256347656,144.67999267578125,145.59950256347656,27902,0.0,0.0,0.0
2023-05-18 10:30:00-04:00,145.70599365234375,146.04310607910156,145.42990112304688,145.9499969482422,36046,0.0,0.0,0.0
2023-05-18 11:30:00-04:00,145.86000061035156,146.22999572753906,145.43089294433594,145.49000549316406,56761,0.0,0.0,0.0
2023-05-18 12:30:00-04:00,145.57000732421875,145.94000244140625,145.3800048828125,145.63999938964844,33286,0.0,0.0,0.0
2023-05-18 13:30:00-04:00,145.63999938964844,145.6999969482422,145.22999572753906,145.61000061035156,32047,0.0,0.0,0.0
2023-05-18 14:30:00-04:00,145.6199951171875,146.14999389648438,145.6199951171875,146.08999633789062,33651,0.0,0.0,0.0
2023-05-18 15:30:00-04:00,146.11990356445312,146.6300048828125,146.0500030517578,146.57000732421875,22142,0.0,0.0,0.0
2023-05-19 09:30:00-04:00,146.61000061035156,146.86000061035156,146.3800048828125,146.6999969482422,30850,0.0,0.0,0.0
2023-05-19 10:30:00-04:00,146.74000549316406,146.82000732421875,146.19000244140625,146.22999572753906,34245,0.0,0.0,0.0
2023-05-19 11:30:00-04:00,146.14999389648438,146.4499969482422,145.86399841308594,146.08999633789062,42269,0.0,0.0,0.0
2023-05-19 12:30:00-04:00,145.8699951171875,146.35000610351562,145.85000610351562,146.27999877929688,17441,0.0,0.0,0.0
2023-05-19 13:30:00-04:00,146.3054962158203,146.3054962158203,145.91000366210938,146.0,17785,0.0,0.0,0.0
2023-05-19 14:30:00-04:00,145.94000244140625,146.218994140625,145.91000366210938,146.03199768066406,12701,0.0,0.0,0.0
2023-05-19 15:30:00-04:00,146.0,146.30999755859375,146.0,146.2100067138672,12443,0.0,0.0,0.0
2023-05-22 09:30:00-04:00,145.97000122070312,146.75999450683594,145.97000122070312,146.4040069580078,17126,0.0,0.0,0.0
2023-05-22 10:30:00-04:00,146.3800048828125,146.52999877929688,146.16000366210938,146.52999877929688,18114,0.0,0.0,0.0
2023-05-22 11:30:00-04:00,146.52000427246094,146.52000427246094,146.1772003173828,146.1999969482422,11537,0.0,0.0,0.0
2023-05-22 12:30:00-04:00,146.17999267578125,146.38999938964844,146.07000732421875,146.34800720214844,19199,0.0,0.0,0.0
2023-05-22 13:30:00-04:00,146.35499572753906,146.50570678710938,146.33999633789062,146.50570678710938,11212,0.0,0.0,0.0
2023-05-22 14:30:00-04:00,146.56910705566406,146.6999053955078,146.2310028076172,146.3000030517578,36765,0.0,0.0,0.0
2023-05-22 15:30:00-04:00,146.28909301757812,146.30999755859375,146.10000610351562,146.25,18167,0.0,0.0,0.0
2023-05-23 09:30:00-04:00,145.52000427246094,145.83999633789062,145.4199981689453,145.61000061035156,15431,0.0,0.0,0.0
2023-05-23 10:30:00-04:00,145.55999755859375,145.63999938964844,145.40499877929688,145.6199951171875,7430,0.0,0.0,0.0
2023-05-23 11:30:00-04:00,145.55999755859375,145.6300048828125,145.27000427246094,145.27999877929688,11457,0.0,0.0,0.0
2023-05-23 12:30:00-04:00,145.18499755859375,145.18499755859375,144.75,144.7899932861328,24068,0.0,0.0,0.0
2023-05-23 13:30:00-04:00,144.7100067138672,144.85989379882812,144.00489807128906,144.22000122070312,35297,0.0,0.0,0.0
2023-05-23 14:30:00-04:00,144.25999450683594,144.3990020751953,144.0500030517578,144.30999755859375,22457,0.0,0.0,0.0
2023-05-23 15:30:00-04:00,144.40890502929688,144.5,144.2100067138672,144.22000122070312,16443,0.0,0.0,0.0
2023-05-24 09:30:00-04:00,143.47999572753906,143.61000061035156,143.02000427246094,143.11810302734375,11173,0.0,0.0,0.0
2023-05-24 10:30:00-04:00,143.08999633789062,143.39999389648438,142.86000061035156,143.3000030517578,24775,0.0,0.0,0.0
2023-05-24 11:30:00-04:00,143.32679748535156,143.32679748535156,142.89999389648438,142.89999389648438,29127,0.0,0.0,0.0
2023-05-24 12:30:00-04:00,142.9199981689453,143.26499938964844,142.91000366210938,143.14999389648438,17613,0.0,0.0,0.0
2023-05-24 13:30:00-04:00,143.22999572753906,143.5449981689453,143.22000122070312,143.2899932861328,120884,0.0,0.0,0.0
2023-05-24 14:30:00-04:00,143.11000061035156,143.8784942626953,143.11000061035156,143.82000732421875,17429,0.0,0.0,0.0
2023-05-24 15:30:00-04:00,143.86000061035156,144.0500030517578,143.3800048828125,143.49000549316406,25383,0.0,0.0,0.0
2023-05-25 09:30:00-04:00,146.38999938964844,146.39999389648438,145.41000366210938,145.67999267578125,23394,0.0,0.0,0.0
2023-05-25 10:30:00-04:00,145.69000244140625,146.50990295410156,145.6300048828125,146.3000030517578,31521,0.0,0.0,0.0
2023-05-25 11:30:00-04:00,146.30999755859375,146.60000610351562,145.89700317382812,146.5330047607422,29966,0.0,0.0,0.0
2023-05-25 12:30:00-04:00,146.60000610351562,146.61000061035156,146.26499938964844,146.56500244140625,37401,0.0,0.0,0.0
2023-05-25 13:30:00-04:00,146.6699981689453,146.89999389648438,146.49310302734375,146.74000549316406,20386,0.0,0.0,0.0
2023-05-25 14:30:00-04:00,146.66000366210938,146.88999938964844,146.19070434570312,146.86000061035156,18136,0.0,0.0,0.0
2023-05-25 15:30:00-04:00,146.77999877929688,146.91000366210938,146.52000427246094,146.5399932861328,49098,0.0,0.0,0.0
2023-05-26 09:30:00-04:00,146.8000030517578,148.56190490722656,146.8000030517578,148.56190490722656,28477,0.0,0.0,0.0
2023-05-26 10:30:00-04:00,148.6300048828125,149.08999633789062,148.55999755859375,148.8300018310547,41809,0.0,0.0,0.0
2023-05-26 11:30:00-04:00,148.8979034423828,149.3072052001953,148.8800048828125,149.1999969482422,23020,0.0,0.0,0.0
2023-05-26 12:30:00-04:00,149.22000122070312,149.47900390625,149.1999969482422,149.3300018310547,16957,0.0,0.0,0.0
2023-05-26 13:30:00-04:00,149.34890747070312,149.4199981689453,149.1300048828125,149.39999389648438,37731,0.0,0.0,0.0
2023-05-26 14:30:00-04:00,149.3520050048828,149.67889404296875,149.3520050048828,149.52000427246094,17869,0.0,0.0,0.0
2023-05-26 15:30:00-04:00,149.52000427246094,149.5500030517578,149.3300018310547,149.38999938964844,24732,0.0,0.0,0.0
2023-05-30 09:30:00-04:00,150.9199981689453,151.22610473632812,150.0500030517578,150.27000427246094,33592,0.0,0.0,0.0
2023-05-30 10:30:00-04:00,150.15020751953125,150.5,149.99000549316406,150.0500030517578,41142,0.0,0.0,0.0
2023-05-30 11:30:00-04:00,150.25,150.4199981689453,149.8300018310547,149.8800048828125,10914,0.0,0.0,0.0
2023-05-30 12:30:00-04:00,149.86000061035156,150.16000366210938,149.73390197753906,149.91000366210938,14025,0.0,0.0,0.0
2023-05-30 13:30:00-04:00,149.57769775390625,149.8699951171875,149.33999633789062,149.8699951171875,9043,0.0,0.0,0.0
2023-05-30 14:30:00-04:00,149.93499755859375,150.19000244140625,149.82000732421875,149.98500061035156,39246,0.0,0.0,0.0
2023-05-30 15:30:00-04:00,149.97000122070312,150.00650024414062,149.55999755859375,149.83999633789062,18635,0.0,0.0,0.0
2023-05-31 09:30:00-04:00,149.17999267578125,149.7899932861328,148.64999389648438,148.71099853515625,38999,0.0,0.0,0.0
2023-05-31 10:30:00-04:00,148.75,149.10000610351562,148.66000366210938,148.72999572753906,14517,0.0,0.0,0.0
2023-05-31 11:30:00-04:00,148.57009887695312,148.9600067138672,148.5034942626953,148.63999938964844,18619,0.0,0.0,0.0
2023-05-31 12:30:00-04:00,148.6199951171875,149.0,148.50999450683594,148.97999572753906,16817,0.0,0.0,0.0
2023-05-31 13:30:00-04:00,149.0850067138672,149.5,149.0850067138672,149.42999267578125,21723,0.0,0.0,0.0
2023-05-31 14:30:00-04:00,149.44000244140625,149.4499969482422,148.97369384765625,149.11000061035156,20011,0.0,0.0,0.0
2023-05-31 15:30:00-04:00,149.1800994873047,149.5780029296875,148.8800048828125,148.9199981689453,33792,0.0,0.0,0.0
2023-06-01 09:30:00-04:00,148.88999938964844,149.1999969482422,148.67010498046875,148.88540649414062,37118,0.0,0.0,0.0
2023-06-01 10:30:00-04:00,148.98500061035156,149.9698944091797,148.91000366210938,149.8000030517578,82535,0.0,0.0,0.0
2023-06-01 11:30:00-04:00,149.82080078125,150.55999755859375,149.82080078125,150.52000427246094,36682,0.0,0.0,0.0
2023-06-01 12:30:00-04:00,150.52609252929688,150.6378936767578,150.44000244140625,150.4499969482422,26689,0.0,0.0,0.0
2023-06-01 13:30:00-04:00,150.4499969482422,150.85000610351562,150.41000366210938,150.83999633789062,37232,0.0,0.0,0.0
2023-06-01 14:30:00-04:00,150.8083038330078,151.12770080566406,150.72999572753906,150.72999572753906,24955,0.0,0.0,0.0
2023-06-01 15:30:00-04:00,150.7449951171875,150.7449951171875,150.3300018310547,150.7100067138672,32059,0.0,0.0,0.0
2023-06-02 09:30:00-04:00,151.77000427246094,152.59719848632812,151.33999633789062,151.62989807128906,65792,0.0,0.0,0.0
2023-06-02 10:30:00-04:00,151.84500122070312,152.54849243164062,151.8300018310547,152.47999572753906,25035,0.0,0.0,0.0
2023-06-02 11:30:00-04:00,152.47999572753906,152.5299072265625,152.14309692382812,152.26499938964844,19203,0.0,0.0,0.0
2023-06-02 12:30:00-04:00,152.38999938964844,152.5800018310547,152.3800048828125,152.5198974609375,5159,0.0,0.0,0.0
2023-06-02 13:30:00-04:00,152.5,152.5399932861328,152.24000549316406,152.4499969482422,30677,0.0,0.0,0.0
2023-06-02 14:30:00-04:00,152.57949829101562,152.77000427246094,152.52000427246094,152.52000427246094,233260,0.0,0.0,0.0
2023-06-02 15:30:00-04:00,152.50990295410156,152.6300048828125,152.38999938964844,152.44000244140625,59010,0.0,0.0,0.0
2023-06-05 09:30:00-04:00,152.39999389648438,153.05999755859375,152.39999389648438,152.84100341796875,30511,0.0,0.0,0.0
2023-06-05 10:30:00-04:00,152.83990478515625,153.33999633789062,152.74000549316406,153.33999633789062,35779,0.0,0.0,0.0
2023-06-05 11:30:00-04:00,153.3498992919922,153.5,153.13999938964844,153.38999938964844,74977,0.0,0.0,0.0
2023-06-05 12:30:00-04:00,153.42999267578125,153.55999755859375,153.1226043701172,153.17999267578125,41070,0.0,0.0,0.0
2023-06-05 13:30:00-04:00,153.16000366210938,153.23500061035156,152.74000549316406,152.7899932861328,122220,0.0,0.0,0.0
2023-06-05 14:30:00-04:00,152.82000732421875,152.82000732421875,151.97000122070312,152.398193359375,69704,0.0,0.0,0.0
2023-06-05 15:30:00-04:00,152.35000610351562,152.5,152.3000030517578,152.33999633789062,20324,0.0,0.0,0.0
2023-06-06 09:30:00-04:00,152.2100067138672,152.2100067138672,151.75,152.1208038330078,26948,0.0,0.0,0.0
2023-06-06 10:30:00-04:00,152.08999633789062,152.4969024658203,151.86000061035156,151.8719024658203,15478,0.0,0.0,0.0
2023-06-06 11:30:00-04:00,152.0500030517578,152.50689697265625,152.002197265625,152.19940185546875,12885,0.0,0.0,0.0
2023-06-06 12:30:00-04:00,152.25,152.27999877929688,151.7100067138672,152.0800018310547,34843,0.0,0.0,0.0
2023-06-06 13:30:00-04:00,152.0998992919922,152.1488037109375,151.80999755859375,152.1488037109375,41852,0.0,0.0,0.0
2023-06-06 14:30:00-04:00,152.19000244140625,152.4499969482422,152.08999633789062,152.3800048828125,40587,0.0,0.0,0.0
2023-06-06 15:30:00-04:00,152.3699951171875,152.49000549316406,152.0800018310547,152.3300018310547,41329,0.0,0.0,0.0
2023-06-07 09:30:00-04:00,152.10000610351562,152.74600219726562,151.39999389648438,151.4499969482422,26240,0.0,0.0,0.0
2023-06-07 10:30:00-04:00,151.5749969482422,151.625,150.64999389648438,150.7899932861328,30248,0.0,0.0,0.0
2023-06-07 11:30:00-04:00,150.99000549316406,151.07000732421875,150.1226043701172,150.22000122070312,25700,0.0,0.0,0.0
2023-06-07 12:30:00-04:00,150.32000732421875,150.55999755859375,150.05999755859375,150.11000061035156,23999,0.0,0.0,0.0
2023-06-07 13:30:00-04:00,150.11000061035156,150.44000244140625,149.8800048828125,150.22999572753906,23716,0.0,0.0,0.0
2023-06-07 14:30:00-04:00,150.19000244140625,150.1999969482422,149.8300018310547,149.97000122070312,78983,0.0,0.0,0.0
2023-06-07 15:30:00-04:00,149.9499969482422,150.0800018310547,149.60000610351562,149.77999877929688,29779,0.0,0.0,0.0
2023-06-08 09:30:00-04:00,149.92999267578125,150.6999969482422,149.92999267578125,150.6999969482422,24778,0.0,0.0,0.0
2023-06-08 10:30:00-04:00,150.72720336914062,151.22999572753906,150.49000549316406,151.1999969482422,12147,0.0,0.0,0.0
2023-06-08 11:30:00-04:00,151.2301025390625,151.50999450683594,151.17689514160156,151.50999450683594,11646,0.0,0.0,0.0
2023-06-08 12:30:00-04:00,151.4600067138672,151.5229949951172,151.00999450683594,151.08999633789062,47330,0.0,0.0,0.0
2023-06-08 13:30:00-04:00,151.0,151.1699981689453,150.75,151.16000366210938,35281,0.0,0.0,0.0
2023-06-08 14:30:00-04:00,151.18960571289062,151.3699951171875,151.1840057373047,151.29339599609375,24504,0.0,0.0,0.0
2023-06-08 15:30:00-04:00,151.29150390625,151.5399932861328,151.2760009765625,151.42999267578125,42263,0.0,0.0,0.0
2023-06-09 09:30:00-04:00,152.0,153.1199951171875,152.0,153.02999877929688,23375,0.0,0.0,0.0
2023-06-09 10:30:00-04:00,153.0800018310547,153.09840393066406,152.08999633789062,152.08999633789062,23775,0.0,0.0,0.0
2023-06-09 11:30:00-04:00,152.0198974609375,152.25,151.66000366210938,151.82000732421875,70836,0.0,0.0,0.0
2023-06-09 12:30:00-04:00,151.75999450683594,152.3000030517578,151.6300048828125,152.3000030517578,20085,0.0,0.0,0.0
2023-06-09 13:30:00-04:00,152.3300018310547,152.6136016845703,152.3300018310547,152.47000122070312,55837,0.0,0.0,0.0
2023-06-09 14:30:00-04:00,152.47999572753906,152.47999572753906,152.0800018310547,152.22999572753906,31985,0.0,0.0,0.0
2023-06-09 15:30:00-04:00,152.2100067138672,152.24989318847656,151.86000061035156,152.0,141241,0.0,0.0,0.0
2023-06-12 09:30:00-04:00,152.60000610351562,152.77999877929688,152.2303924560547,152.52999877929688,23870,0.0,0.0,0.0
2023-06-12 10:30:00-04:00,152.47030639648438,152.60169982910156,152.3498992919922,152.5850067138672,25930,0.0,0.0,0.0
2023-06-12 11:30:00-04:00,152.66000366210938,152.97000122070312,152.66000366210938,152.8101043701172,9607,0.0,0.0,0.0
2023-06-12 12:30:00-04:00,152.88040161132812,153.0699005126953,152.88040161132812,153.0399932861328,20637,0.0,0.0,0.0
2023-06-12 13:30:00-04:00,153.0500030517578,153.3699951171875,153.0500030517578,153.3520050048828,13561,0.0,0.0,0.0
2023-06-12 14:30:00-04:00,153.3979949951172,154.11000061035156,153.36019897460938,153.92999267578125,33520,0.0,0.0,0.0
2023-06-12 15:30:00-04:00,153.9600067138672,154.25999450683594,153.8800048828125,154.22999572753906,25032,0.0,0.0,0.0
2023-06-13 09:30:00-04:00,155.14999389648438,155.30999755859375,154.02999877929688,154.33999633789062,34305,0.0,0.0,0.0
2023-06-13 10:30:00-04:00,154.1300048828125,155.1999969482422,154.1300048828125,155.11000061035156,16723,0.0,0.0,0.0
2023-06-13 11:30:00-04:00,155.0,155.00999450683594,154.61000061035156,154.97300720214844,91215,0.0,0.0,0.0
2023-06-13 12:30:00-04:00,154.97900390625,155.2781982421875,154.88999938964844,155.0800018310547,44406,0.0,0.0,0.0
2023-06-13 13:30:00-04:00,155.11000061035156,155.22000122070312,154.6699981689453,154.6699981689453,12916,0.0,0.0,0.0
2023-06-13 14:30:00-04:00,154.49620056152344,155.0500030517578,154.47000122070312,154.87730407714844,29690,0.0,0.0,0.0
2023-06-13 15:30:00-04:00,154.9073028564453,155.13999938964844,154.8300018310547,155.1199951171875,35147,0.0,0.0,0.0
2023-06-14 09:30:00-04:00,154.8699951171875,155.64999389648438,154.5,155.44009399414062,29532,0.0,0.0,0.0
2023-06-14 10:30:00-04:00,155.51499938964844,156.05999755859375,155.38999938964844,155.9499969482422,25080,0.0,0.0,0.0
2023-06-14 11:30:00-04:00,155.9199981689453,155.94000244140625,155.5489959716797,155.77000427246094,16953,0.0,0.0,0.0
2023-06-14 12:30:00-04:00,155.73809814453125,155.74270629882812,155.34019470214844,155.44000244140625,17174,0.0,0.0,0.0
2023-06-14 13:30:00-04:00,155.42999267578125,155.50790405273438,153.88999938964844,154.32000732421875,35092,0.0,0.0,0.0
2023-06-14 14:30:00-04:00,154.44000244140625,156.0399932861328,154.4199981689453,155.39999389648438,47461,0.0,0.0,0.0
2023-06-14 15:30:00-04:00,155.30999755859375,155.86000061035156,154.9600067138672,155.8300018310547,53830,0.0,0.0,0.0
2023-06-15 09:30:00-04:00,155.30999755859375,156.87989807128906,155.2899932861328,156.87989807128906,40153,0.0,0.0,0.0
2023-06-15 10:30:00-04:00,156.83999633789062,157.14999389648438,156.4199981689453,157.10000610351562,74312,0.0,0.0,0.0
2023-06-15 11:30:00-04:00,157.14920043945312,157.43760681152344,157.0,157.25,21779,0.0,0.0,0.0
2023-06-15 12:30:00-04:00,157.30999755859375,157.3800048828125,156.97999572753906,157.15960693359375,23521,0.0,0.0,0.0
2023-06-15 13:30:00-04:00,157.28990173339844,157.73939514160156,157.27999877929688,157.69000244140625,20527,0.0,0.0,0.0
2023-06-15 14:30:00-04:00,157.6988983154297,158.4499969482422,157.6988983154297,158.1699981689453,28248,0.0,0.0,0.0
2023-06-15 15:30:00-04:00,158.1999969482422,158.2899932861328,157.72000122070312,157.88999938964844,26378,0.0,0.0,0.0
2023-06-16 09:30:00-04:00,158.92999267578125,158.92999267578125,157.61000061035156,158.32659912109375,78984,0.0,0.0,0.0
2023-06-16 10:30:00-04:00,158.36000061035156,158.39999389648438,157.6300048828125,157.72999572753906,32116,0.0,0.0,0.0
2023-06-16 11:30:00-04:00,157.82000732421875,158.13540649414062,157.67999267578125,158.1190948486328,29898,0.0,0.0,0.0
2023-06-16 12:30:00-04:00,158.11000061035156,158.3000030517578,157.92999267578125,157.92999267578125,14354,0.0,0.0,0.0
2023-06-16 13:30:00-04:00,157.99000549316406,158.0399932861328,157.7342071533203,157.77999877929688,21140,0.0,0.0,0.0
2023-06-16 14:30:00-04:00,157.6699981689453,157.6699981689453,157.10650634765625,157.16000366210938,69641,0.0,0.0,0.0
2023-06-16 15:30:00-04:00,157.25,157.38999938964844,156.77999877929688,156.8300018310547,38091,0.0,0.0,0.0
2023-06-20 09:30:00-04:00,156.19000244140625,157.27000427246094,155.78860473632812,155.78860473632812,19035,0.0,0.0,0.0
2023-06-20 10:30:00-04:00,155.82000732421875,156.32000732421875,155.75999450683594,156.10000610351562,27938,0.0,0.0,0.0
2023-06-20 11:30:00-04:00,156.25990295410156,156.72999572753906,156.0,156.72999572753906,19601,0.0,0.0,0.0
2023-06-20 12:30:00-04:00,156.72000122070312,157.13070678710938,156.6699981689453,157.02000427246094,39206,0.0,0.0,0.0
2023-06-20 13:30:00-04:00,157.04010009765625,157.10769653320312,156.69000244140625,156.97000122070312,23127,0.0,0.0,0.0
2023-06-20 14:30:00-04:00,156.97999572753906,156.97999572753906,156.64999389648438,156.8000030517578,14832,0.0,0.0,0.0
2023-06-20 15:30:00-04:00,156.80999755859375,157.0500030517578,156.6750030517578,156.75999450683594,42635,0.0,0.0,0.0
2023-06-21 09:30:00-04:00,156.27000427246094,156.4398956298828,155.42999267578125,155.5,21147,0.0,0.0,0.0
2023-06-21 10:30:00-04:00,155.53500366210938,155.5861053466797,154.85000610351562,155.13999938964844,25756,0.0,0.0,0.0
2023-06-21 11:30:00-04:00,155.1300048828125,155.57000732421875,155.0800018310547,155.4199981689453,80235,0.0,0.0,0.0
2023-06-21 12:30:00-04:00,155.55999755859375,155.64999389648438,155.22000122070312,155.30999755859375,28725,0.0,0.0,0.0
2023-06-21 13:30:00-04:00,155.27000427246094,156.02999877929688,155.27000427246094,156.02999877929688,12791,0.0,0.0,0.0
2023-06-21 14:30:00-04:00,156.0399932861328,156.13999938964844,155.67999267578125,155.72000122070312,26904,0.0,0.0,0.0
2023-06-21 15:30:00-04:00,155.64999389648438,155.66830444335938,155.17999267578125,155.24000549316406,20984,0.0,0.0,0.0
2023-06-22 09:30:00-04:00,154.63999938964844,156.3000030517578,154.63999938964844,156.2100067138672,30625,0.0,0.0,0.0
2023-06-22 10:30:00-04:00,156.21499633789062,156.38999938964844,155.5800018310547,156.05999755859375,27081,0.0,0.0,0.0
2023-06-22 11:30:00-04:00,156.07000732421875,156.639892578125,156.02999877929688,156.14500427246094,27366,0.0,0.0,0.0
2023-06-22 12:30:00-04:00,156.22000122070312,156.33999633789062,155.86000061035156,156.13999938964844,11964,0.0,0.0,0.0
2023-06-22 13:30:00-04:00,156.13999938964844,156.5500030517578,156.1300048828125,156.52000427246094,14552,0.0,0.0,0.0
2023-06-22 14:30:00-04:00,156.5500030517578,156.80999755859375,156.41000366210938,156.50830078125,32530,0.0,0.0,0.0
2023-06-22 15:30:00-04:00,156.41000366210938,157.0,156.41000366210938,156.9600067138672,20651,0.0,0.0,0.0
2023-06-23 09:30:00-04:00,155.3800048828125,155.77000427246094,155.052001953125,155.50999450683594,35871,0.0,0.0,0.0
2023-06-23 10:30:00-04:00,155.6894073486328,155.92999267578125,155.41200256347656,155.41200256347656,16635,0.0,0.0,0.0
2023-06-23 11:30:00-04:00,155.443603515625,156.2200927734375,155.443603515625,156.2200927734375,20598,0.0,0.0,0.0
2023-06-23 12:30:00-04:00,156.32000732421875,156.52999877929688,156.1916961669922,156.41000366210938,17022,0.0,0.0,0.0
2023-06-23 13:30:00-04:00,156.4595947265625,156.49000549316406,156.02999877929688,156.1251983642578,27707,0.0,0.0,0.0
2023-06-23 14:30:00-04:00,156.0399932861328,156.0399932861328,155.4803924560547,155.7100067138672,23863,0.0,0.0,0.0
2023-06-23 15:30:00-04:00,155.77200317382812,155.91000366210938,155.49000549316406,155.5500030517578,41576,0.0,0.0,0.0
2023-06-26 09:30:00-04:00,155.3800048828125,156.25,155.22999572753906,156.0399932861328,14189,0.0,0.0,0.0
2023-06-26 10:30:00-04:00,156.0500030517578,156.0500030517578,154.77870178222656,154.91000366210938,21825,0.0,0.0,0.0
2023-06-26 11:30:00-04:00,155.05999755859375,155.06919860839844,154.0800018310547,154.08030700683594,20669,0.0,0.0,0.0
2023-06-26 12:30:00-04:00,154.07000732421875,154.19000244140625,153.82090759277344,154.19000244140625,36206,0.0,0.0,0.0
2023-06-26 13:30:00-04:00,154.16000366210938,154.1826934814453,153.92999267578125,154.00999450683594,19842,0.0,0.0,0.0
2023-06-26 14:30:00-04:00,154.1199951171875,154.4199981689453,154.1199951171875,154.19000244140625,31467,0.0,0.0,0.0
2023-06-26 15:30:00-04:00,154.11000061035156,154.27259826660156,153.50999450683594,153.52999877929688,27796,0.0,0.0,0.0
2023-06-27 09:30:00-04:00,154.17999267578125,154.72000122070312,153.99000549316406,154.27130126953125,15621,0.0,0.0,0.0
2023-06-27 10:30:00-04:00,154.3300018310547,154.74000549316406,154.00999450683594,154.74000549316406,27363,0.0,0.0,0.0
2023-06-27 11:30:00-04:00,154.7449951171875,155.08399963378906,154.7449951171875,155.07090759277344,18744,0.0,0.0,0.0
2023-06-27 12:30:00-04:00,155.13999938964844,155.61000061035156,155.13999938964844,155.55999755859375,77961,0.0,0.0,0.0
2023-06-27 13:30:00-04:00,155.58999633789062,156.0800018310547,155.5850067138672,156.03750610351562,20510,0.0,0.0,0.0
2023-06-27 14:30:00-04:00,156.05999755859375,156.14999389648438,155.8800048828125,156.1407928466797,67175,0.0,0.0,0.0
2023-06-27 15:30:00-04:00,156.16000366210938,156.1699981689453,155.86000061035156,155.91000366210938,19109,0.0,0.0,0.0
2023-06-28 09:30:00-04:00,155.3000030517578,156.21279907226562,155.3000030517578,156.21279907226562,16125,0.0,0.0,0.0
2023-06-28 10:30:00-04:00,156.25,156.75,156.02999877929688,156.14999389648438,21747,0.0,0.0,0.0
2023-06-28 11:30:00-04:00,156.47999572753906,156.95989990234375,156.25,156.31739807128906,11648,0.0,0.0,0.0
2023-06-28 12:30:00-04:00,156.3000030517578,156.3000030517578,155.55999755859375,156.05999755859375,51906,0.0,0.0,0.0
2023-06-28 13:30:00-04:00,156.08009338378906,156.29989624023438,155.80999755859375,156.20950317382812,15602,0.0,0.0,0.0
2023-06-28 14:30:00-04:00,156.19000244140625,156.22000122070312,155.60000610351562,155.8800048828125,22948,0.0,0.0,0.0
2023-06-28 15:30:00-04:00,155.8699951171875,156.1199951171875,155.77810668945312,156.1199951171875,36451,0.0,0.0,0.0
2023-06-29 09:30:00-04:00,156.1300048828125,156.3437042236328,155.60000610351562,155.9593048095703,39200,0.0,0.0,0.0
2023-06-29 10:30:00-04:00,155.6300048828125,156.44000244140625,155.52999877929688,156.4398956298828,19487,0.0,0.0,0.0
2023-06-29 11:30:00-04:00,156.5399932861328,156.5399932861328,156.19000244140625,156.41000366210938,20061,0.0,0.0,0.0
2023-06-29 12:30:00-04:00,156.38999938964844,156.44940185546875,155.83999633789062,156.2187042236328,17070,0.0,0.0,0.0
2023-06-29 13:30:00-04:00,156.10899353027344,156.11000061035156,155.64999389648438,155.98770141601562,15846,0.0,0.0,0.0
2023-06-29 14:30:00-04:00,155.94639587402344,156.14999389648438,155.86000061035156,156.05990600585938,18889,0.0,0.0,0.0
2023-06-29 15:30:00-04:00,156.0500030517578,156.25999450683594,155.8699951171875,156.17999267578125,23163,0.0,0.0,0.0
2023-06-30 09:30:00-04:00,157.5399932861328,158.77999877929688,157.5399932861328,158.66000366210938,20632,0.0,0.0,0.0
2023-06-30 10:30:00-04:00,158.6699981689453,158.77740478515625,158.43690490722656,158.43690490722656,33584,0.0,0.0,0.0
2023-06-30 11:30:00-04:00,158.3300018310547,158.49000549316406,158.12319946289062,158.47999572753906,23714,0.0,0.0,0.0
2023-06-30 12:30:00-04:00,158.5,158.72950744628906,158.5,158.62789916992188,12724,0.0,0.0,0.0
2023-06-30 13:30:00-04:00,158.6699981689453,158.75999450683594,158.6331024169922,158.63999938964844,5676,0.0,0.0,0.0
2023-06-30 14:30:00-04:00,158.67999267578125,158.7899932861328,158.60400390625,158.74850463867188,49395,0.0,0.0,0.0
2023-06-30 15:30:00-04:00,158.7584991455078,158.9199981689453,158.50999450683594,158.50999450683594,33913,0.0,0.0,0.0
2023-07-03 09:30:00-04:00,158.72000122070312,158.91949462890625,158.5,158.58999633789062,60887,0.0,0.0,0.0
2023-07-03 10:30:00-04:00,158.55999755859375,158.6199951171875,158.17999267578125,158.32000732421875,100093,0.0,0.0,0.0
2023-07-03 11:30:00-04:00,158.33030700683594,158.4600067138672,158.19000244140625,158.41000366210938,104347,0.0,0.0,0.0
2023-07-05 09:30:00-04:00,157.92999267578125,159.32000732421875,157.92999267578125,159.2100067138672,22122,0.0,0.0,0.0
2023-07-05 10:30:00-04:00,159.2490997314453,159.3800048828125,158.67999267578125,158.72999572753906,41185,0.0,0.0,0.0
2023-07-05 11:30:00-04:00,158.7100067138672,158.83999633789062,158.4600067138672,158.7100067138672,58736,0.0,0.0,0.0
2023-07-05 12:30:00-04:00,158.75,158.8300018310547,158.52999877929688,158.72219848632812,19971,0.0,0.0,0.0
2023-07-05 13:30:00-04:00,158.6999969482422,158.85000610351562,158.3800048828125,158.5800018310547,23784,0.0,0.0,0.0
2023-07-05 14:30:00-04:00,158.61000061035156,158.97000122070312,158.58200073242188,158.9375,63293,0.0,0.0,0.0
2023-07-05 15:30:00-04:00,158.99000549316406,158.99000549316406,158.74000549316406,158.75,29280,0.0,0.0,0.0
2023-07-06 09:30:00-04:00,157.3699951171875,157.55999755859375,156.6304931640625,156.9600067138672,27853,0.0,0.0,0.0
2023-07-06 10:30:00-04:00,157.18600463867188,157.18600463867188,156.75999450683594,156.92999267578125,27342,0.0,0.0,0.0
2023-07-06 11:30:00-04:00,156.89999389648438,157.60000610351562,156.89999389648438,157.60000610351562,34331,0.0,0.0,0.0
2023-07-06 12:30:00-04:00,157.67999267578125,157.85499572753906,157.60000610351562,157.6699981689453,11971,0.0,0.0,0.0
2023-07-06 13:30:00-04:00,157.63999938964844,157.89999389648438,157.5897979736328,157.6699981689453,17282,0.0,0.0,0.0
2023-07-06 14:30:00-04:00,157.7100067138672,158.0,157.7100067138672,157.82000732421875,50746,0.0,0.0,0.0
2023-07-06 15:30:00-04:00,157.82000732421875,157.88999938964844,157.64999389648438,157.75,23721,0.0,0.0,0.0
2023-07-07 09:30:00-04:00,157.55999755859375,157.9600067138672,157.40139770507812,157.52999877929688,15577,0.0,0.0,0.0
2023-07-07 10:30:00-04:00,157.1999969482422,157.66000366210938,157.16000366210938,157.62820434570312,17569,0.0,0.0,0.0
2023-07-07 11:30:00-04:00,157.63169860839844,158.10580444335938,157.60000610351562,158.05999755859375,11639,0.0,0.0,0.0
2023-07-07 12:30:00-04:00,158.13999938964844,158.58990478515625,158.13999938964844,158.58990478515625,19729,0.0,0.0,0.0
2023-07-07 13:30:00-04:00,158.64419555664062,158.6553955078125,158.2449951171875,158.27000427246094,64941,0.0,0.0,0.0
2023-07-07 14:30:00-04:00,158.27999877929688,158.32000732421875,157.62159729003906,157.63999938964844,38205,0.0,0.0,0.0
2023-07-07 15:30:00-04:00,157.6300048828125,157.72999572753906,156.88999938964844,156.9199981689453,49920,0.0,0.0,0.0
2023-07-10 09:30:00-04:00,156.5500030517578,156.9199981689453,155.82000732421875,156.6999969482422,15339,0.0,0.0,0.0
2023-07-10 10:30:00-04:00,156.6649932861328,156.6649932861328,156.10989379882812,156.25,24666,0.0,0.0,0.0
2023-07-10 11:30:00-04:00,156.4199981689453,156.4600067138672,155.4600067138672,155.8791046142578,13246,0.0,0.0,0.0
2023-07-10 12:30:00-04:00,155.85000610351562,156.35989379882812,155.83999633789062,156.34500122070312,19864,0.0,0.0,0.0
2023-07-10 13:30:00-04:00,156.3800048828125,156.55670166015625,156.0699005126953,156.55670166015625,13243,0.0,0.0,0.0
2023-07-10 14:30:00-04:00,156.53500366210938,156.53500366210938,156.27999877929688,156.3800048828125,26940,0.0,0.0,0.0
2023-07-10 15:30:00-04:00,156.3800048828125,156.67999267578125,156.25999450683594,156.66000366210938,51362,0.0,0.0,0.0
2023-07-11 09:30:00-04:00,156.85000610351562,157.05999755859375,156.0399932861328,156.5,12134,0.0,0.0,0.0
2023-07-11 10:30:00-04:00,156.5399932861328,156.89999389648438,156.5399932861328,156.5500946044922,17460,0.0,0.0,0.0
2023-07-11 11:30:00-04:00,156.5699005126953,157.17999267578125,156.44000244140625,156.6699981689453,40324,0.0,0.0,0.0
2023-07-11 12:30:00-04:00,156.67999267578125,156.97999572753906,156.62010192871094,156.69000244140625,28778,0.0,0.0,0.0
2023-07-11 13:30:00-04:00,156.7012939453125,156.7899932861328,156.4272003173828,156.47000122070312,58724,0.0,0.0,0.0
2023-07-11 14:30:00-04:00,156.50889587402344,156.87989807128906,156.36000061035156,156.8159942626953,28763,0.0,0.0,0.0
2023-07-11 15:30:00-04:00,156.82000732421875,157.44000244140625,156.74000549316406,157.25,13488,0.0,0.0,0.0
2023-07-12 09:30:00-04:00,158.89999389648438,159.75,158.72000122070312,159.50999450683594,34191,0.0,0.0,0.0
2023-07-12 10:30:00-04:00,159.59339904785156,159.66000366210938,159.12649536132812,159.1999969482422,25654,0.0,0.0,0.0
2023-07-12 11:30:00-04:00,159.17999267578125,159.1999969482422,158.25999450683594,158.60000610351562,41218,0.0,0.0,0.0
2023-07-12 12:30:00-04:00,158.52999877929688,159.00999450683594,158.52999877929688,159.00999450683594,61025,0.0,0.0,0.0
2023-07-12 13:30:00-04:00,159.02000427246094,159.2899932861328,159.00999450683594,159.2899932861328,21261,0.0,0.0,0.0
2023-07-12 14:30:00-04:00,159.2519989013672,159.30999755859375,158.75,158.89999389648438,31158,0.0,0.0,0.0
2023-07-12 15:30:00-04:00,158.91000366210938,159.14999389648438,158.86000061035156,159.02999877929688,28318,0.0,0.0,0.0
2023-07-13 09:30:00-04:00,160.30999755859375,160.58999633789062,160.02000427246094,160.1199951171875,37472,0.0,0.0,0.0
2023-07-13 10:30:00-04:00,160.1699981689453,160.50999450683594,160.1699981689453,160.3498992919922,13387,0.0,0.0,0.0
2023-07-13 11:30:00-04:00,160.30380249023438,160.6999969482422,160.30380249023438,160.6300048828125,17736,0.0,0.0,0.0
2023-07-13 12:30:00-04:00,160.6999969482422,160.86000061035156,160.60079956054688,160.85000610351562,20340,0.0,0.0,0.0
2023-07-13 13:30:00-04:00,160.889892578125,161.0399932861328,160.77999877929688,160.88389587402344,14406,0.0,0.0,0.0
2023-07-13 14:30:00-04:00,160.8800048828125,161.32000732421875,160.8386993408203,161.3000030517578,38117,0.0,0.0,0.0
2023-07-13 15:30:00-04:00,161.2899932861328,161.5,161.1699981689453,161.1999969482422,21723,0.0,0.0,0.0
2023-07-14 09:30:00-04:00,161.72999572753906,163.0800018310547,161.72999572753906,162.8300018310547,19198,0.0,0.0,0.0
2023-07-14 10:30:00-04:00,162.80999755859375,162.80999755859375,162.2100067138672,162.6501007080078,15667,0.0,0.0,0.0
2023-07-14 11:30:00-04:00,162.73989868164062,162.83050537109375,162.38999938964844,162.38999938964844,12339,0.0,0.0,0.0
2023-07-14 12:30:00-04:00,162.30099487304688,162.50999450683594,161.9600067138672,162.05999755859375,9866,0.0,0.0,0.0
2023-07-14 13:30:00-04:00,162.25999450683594,162.30149841308594,161.9499969482422,161.9499969482422,24512,0.0,0.0,0.0
2023-07-14 14:30:00-04:00,161.9600067138672,162.02330017089844,161.52000427246094,161.6575927734375,42293,0.0,0.0,0.0
2023-07-14 15:30:00-04:00,161.6699981689453,161.86000061035156,161.60000610351562,161.86000061035156,21803,0.0,0.0,0.0
2023-07-17 09:30:00-04:00,162.25999450683594,162.80999755859375,161.9199981689453,162.35000610351562,23204,0.0,0.0,0.0
2023-07-17 10:30:00-04:00,162.38699340820312,162.56149291992188,162.30999755859375,162.56149291992188,13693,0.0,0.0,0.0
2023-07-17 11:30:00-04:00,162.5500030517578,162.7698974609375,162.42999267578125,162.42999267578125,13069,0.0,0.0,0.0
2023-07-17 12:30:00-04:00,162.44000244140625,162.6699981689453,162.35000610351562,162.55999755859375,20654,0.0,0.0,0.0
2023-07-17 13:30:00-04:00,162.55999755859375,162.9199981689453,162.52090454101562,162.9199981689453,13520,0.0,0.0,0.0
2023-07-17 14:30:00-04:00,162.8800048828125,163.29539489746094,162.74530029296875,163.17100524902344,40925,0.0,0.0,0.0
2023-07-17 15:30:00-04:00,163.13999938964844,163.14999389648438,162.88999938964844,162.99000549316406,23706,0.0,0.0,0.0
2023-07-18 09:30:00-04:00,162.77999877929688,162.77999877929688,162.02000427246094,162.40089416503906,31766,0.0,0.0,0.0
2023-07-18 10:30:00-04:00,162.3699951171875,162.81500244140625,162.3300018310547,162.67999267578125,12118,0.0,0.0,0.0
2023-07-18 11:30:00-04:00,162.6468048095703,163.88499450683594,162.58999633789062,163.88499450683594,31185,0.0,0.0,0.0
2023-07-18 12:30:00-04:00,163.92999267578125,164.2220001220703,163.88999938964844,164.1199951171875,421885,0.0,0.0,0.0
2023-07-18 13:30:00-04:00,164.25,164.82000732421875,164.25,164.72999572753906,19268,0.0,0.0,0.0
2023-07-18 14:30:00-04:00,164.75880432128906,164.97000122070312,164.595703125,164.72999572753906,126484,0.0,0.0,0.0
2023-07-18 15:30:00-04:00,164.77000427246094,164.77999877929688,164.36000061035156,164.44000244140625,26029,0.0,0.0,0.0
2023-07-19 09:30:00-04:00,164.97000122070312,165.11000061035156,164.57000732421875,164.6811981201172,19250,0.0,0.0,0.0
2023-07-19 10:30:00-04:00,164.7274932861328,165.1685028076172,164.5399932861328,165.0363006591797,29718,0.0,0.0,0.0
2023-07-19 11:30:00-04:00,165.0590057373047,165.41000366210938,164.53550720214844,164.6396942138672,44610,0.0,0.0,0.0
2023-07-19 12:30:00-04:00,164.47000122070312,164.75,164.25999450683594,164.25999450683594,29028,0.0,0.0,0.0
2023-07-19 13:30:00-04:00,164.26300048828125,164.41000366210938,163.97999572753906,164.1199951171875,23779,0.0,0.0,0.0
2023-07-19 14:30:00-04:00,164.27999877929688,164.83999633789062,164.24000549316406,164.77000427246094,37151,0.0,0.0,0.0
2023-07-19 15:30:00-04:00,164.69000244140625,164.69000244140625,164.41000366210938,164.4199981689453,18601,0.0,0.0,0.0
2023-07-20 09:30:00-04:00,163.38999938964844,164.0399932861328,162.60000610351562,162.60000610351562,22854,0.0,0.0,0.0
2023-07-20 10:30:00-04:00,162.4300994873047,162.89999389648438,162.25900268554688,162.72140502929688,12639,0.0,0.0,0.0
2023-07-20 11:30:00-04:00,162.76040649414062,162.9499969482422,162.47000122070312,162.47000122070312,17665,0.0,0.0,0.0
2023-07-20 12:30:00-04:00,162.38499450683594,162.4084930419922,162.0850067138672,162.0850067138672,10710,0.0,0.0,0.0
2023-07-20 13:30:00-04:00,162.27999877929688,162.35000610351562,161.4499053955078,161.4499053955078,13821,0.0,0.0,0.0
2023-07-20 14:30:00-04:00,161.52999877929688,161.6199951171875,160.89999389648438,160.9199981689453,47541,0.0,0.0,0.0
2023-07-20 15:30:00-04:00,161.0930938720703,161.42999267578125,161.0930938720703,161.36000061035156,33965,0.0,0.0,0.0
2023-07-21 09:30:00-04:00,162.16000366210938,162.24000549316406,161.07000732421875,161.07000732421875,16316,0.0,0.0,0.0
2023-07-21 10:30:00-04:00,161.3350067138672,161.8397979736328,161.11990356445312,161.72500610351562,14037,0.0,0.0,0.0
2023-07-21 11:30:00-04:00,161.8665008544922,161.8665008544922,161.19639587402344,161.19639587402344,18380,0.0,0.0,0.0
2023-07-21 12:30:00-04:00,161.22999572753906,161.57009887695312,160.97999572753906,161.57009887695312,7932,0.0,0.0,0.0
2023-07-21 13:30:00-04:00,161.72999572753906,161.82009887695312,161.27780151367188,161.32009887695312,9664,0.0,0.0,0.0
2023-07-21 14:30:00-04:00,161.3300018310547,161.44000244140625,160.75999450683594,160.91000366210938,27910,0.0,0.0,0.0
2023-07-21 15:30:00-04:00,160.89999389648438,160.9499969482422,160.63999938964844,160.8300018310547,40918,0.0,0.0,0.0
2023-07-24 09:30:00-04:00,161.30999755859375,161.7689971923828,160.5850067138672,161.49000549316406,36501,0.0,0.0,0.0
2023-07-24 10:30:00-04:00,161.39759826660156,161.74000549316406,161.22000122070312,161.47999572753906,11126,0.0,0.0,0.0
2023-07-24 11:30:00-04:00,161.35000610351562,161.61000061035156,161.05999755859375,161.243896484375,25914,0.0,0.0,0.0
2023-07-24 12:30:00-04:00,161.36000061035156,161.38999938964844,161.16000366210938,161.38999938964844,35903,0.0,0.0,0.0
2023-07-24 13:30:00-04:00,161.33999633789062,161.69000244140625,161.27000427246094,161.5800018310547,26535,0.0,0.0,0.0
2023-07-24 14:30:00-04:00,161.5,161.5,161.0800018310547,161.0800018310547,54089,0.0,0.0,0.0
2023-07-24 15:30:00-04:00,161.10000610351562,161.42999267578125,161.10000610351562,161.42999267578125,27275,0.0,0.0,0.0
2023-07-25 09:30:00-04:00,161.72000122070312,162.41000366210938,161.72000122070312,161.9694061279297,21145,0.0,0.0,0.0
2023-07-25 10:30:00-04:00,161.95989990234375,162.16290283203125,161.67999267578125,162.05999755859375,19496,0.0,0.0,0.0
2023-07-25 11:30:00-04:00,162.1280975341797,162.42999267578125,162.1280975341797,162.25999450683594,10224,0.0,0.0,0.0
2023-07-25 12:30:00-04:00,162.25860595703125,162.77670288085938,162.25860595703125,162.72000122070312,12451,0.0,0.0,0.0
2023-07-25 13:30:00-04:00,162.72000122070312,162.82000732421875,162.5500030517578,162.75,16224,0.0,0.0,0.0
2023-07-25 14:30:00-04:00,162.80999755859375,162.94000244140625,162.5590057373047,162.66000366210938,29680,0.0,0.0,0.0
2023-07-25 15:30:00-04:00,162.66000366210938,162.7100067138672,162.35000610351562,162.3699951171875,32545,0.0,0.0,0.0
2023-07-26 09:30:00-04:00,161.97999572753906,162.21820068359375,161.50999450683594,161.85000610351562,20371,0.0,0.0,0.0
2023-07-26 10:30:00-04:00,161.8699951171875,161.91000366210938,161.13999938964844,161.5198974609375,19005,0.0,0.0,0.0
2023-07-26 11:30:00-04:00,161.50999450683594,161.89999389648438,161.50999450683594,161.5500030517578,14377,0.0,0.0,0.0
2023-07-26 12:30:00-04:00,161.5800018310547,161.5800018310547,161.32000732421875,161.50999450683594,4646,0.0,0.0,0.0
2023-07-26 13:30:00-04:00,161.44000244140625,161.88999938964844,161.38999938964844,161.50999450683594,20790,0.0,0.0,0.0
2023-07-26 14:30:00-04:00,161.55999755859375,162.5800018310547,161.1300048828125,161.51400756835938,51432,0.0,0.0,0.0
2023-07-26 15:30:00-04:00,161.52999877929688,162.14999389648438,161.47999572753906,162.0,21504,0.0,0.0,0.0
2023-07-27 09:30:00-04:00,164.02000427246094,164.53799438476562,163.38999938964844,163.38999938964844,32882,0.0,0.0,0.0
2023-07-27 10:30:00-04:00,163.36000061035156,163.86810302734375,163.32000732421875,163.6199951171875,12081,0.0,0.0,0.0
2023-07-27 11:30:00-04:00,163.702392578125,163.8634033203125,163.35000610351562,163.8634033203125,8313,0.0,0.0,0.0
2023-07-27 12:30:00-04:00,163.99000549316406,163.9976043701172,162.8800048828125,162.88999938964844,24336,0.0,0.0,0.0
2023-07-27 13:30:00-04:00,162.82000732421875,162.89999389648438,161.8000030517578,161.94500732421875,17939,0.0,0.0,0.0
2023-07-27 14:30:00-04:00,161.8699951171875,161.8699951171875,161.13999938964844,161.32000732421875,22130,0.0,0.0,0.0
2023-07-27 15:30:00-04:00,161.36000061035156,161.38999938964844,160.82000732421875,161.1999969482422,24896,0.0,0.0,0.0
2023-07-28 09:30:00-04:00,162.55999755859375,163.56329345703125,162.47999572753906,163.27000427246094,14752,0.0,0.0,0.0
2023-07-28 10:30:00-04:00,163.42999267578125,163.9199981689453,163.25999450683594,163.91000366210938,22020,0.0,0.0,0.0
2023-07-28 11:30:00-04:00,163.88079833984375,164.23910522460938,163.85000610351562,164.22410583496094,23678,0.0,0.0,0.0
2023-07-28 12:30:00-04:00,164.1999969482422,164.1999969482422,163.55999755859375,163.55999755859375,9614,0.0,0.0,0.0
2023-07-28 13:30:00-04:00,163.52000427246094,163.9199981689453,163.1300048828125,163.8699951171875,19956,0.0,0.0,0.0
2023-07-28 14:30:00-04:00,163.875,164.07000732421875,163.57000732421875,163.83999633789062,28647,0.0,0.0,0.0
2023-07-28 15:30:00-04:00,163.72999572753906,163.9600067138672,163.6300048828125,163.85000610351562,30207,0.0,0.0,0.0
2023-07-31 09:30:00-04:00,164.0,164.24000549316406,163.35000610351562,163.89999389648438,25764,0.0,0.0,0.0
2023-07-31 10:30:00-04:00,163.7100067138672,164.08999633789062,163.6699981689453,163.9199981689453,12963,0.0,0.0,0.0
2023-07-31 11:30:00-04:00,163.74789428710938,163.88999938964844,163.5800018310547,163.86500549316406,19056,0.0,0.0,0.0
2023-07-31 12:30:00-04:00,163.85000610351562,163.85609436035156,163.5469970703125,163.6302947998047,21994,0.0,0.0,0.0
2023-07-31 13:30:00-04:00,163.6699981689453,163.8800048828125,163.66000366210938,163.72999572753906,20817,0.0,0.0,0.0
2023-07-31 14:30:00-04:00,163.72999572753906,163.99000549316406,163.6199951171875,163.6999969482422,15271,0.0,0.0,0.0
2023-07-31 15:30:00-04:00,163.69000244140625,164.07000732421875,163.4550018310547,164.07000732421875,41586,0.0,0.0,0.0
2023-08-01 09:30:00-04:00,163.5500030517578,163.7449951171875,163.0850067138672,163.46249389648438,17850,0.0,0.0,0.0
2023-08-01 10:30:00-04:00,163.4340057373047,163.98629760742188,163.4340057373047,163.89999389648438,10553,0.0,0.0,0.0
2023-08-01 11:30:00-04:00,163.8795928955078,163.87989807128906,163.52000427246094,163.52000427246094,15554,0.0,0.0,0.0
2023-08-01 12:30:00-04:00,163.46299743652344,163.9456024169922,163.46299743652344,163.7100067138672,22640,0.0,0.0,0.0
2023-08-01 13:30:00-04:00,163.74000549316406,163.9499969482422,163.51300048828125,163.82899475097656,13706,0.0,0.0,0.0
2023-08-01 14:30:00-04:00,163.83999633789062,163.99000549316406,163.80999755859375,163.80999755859375,15334,0.0,0.0,0.0
2023-08-01 15:30:00-04:00,163.8800048828125,163.96490478515625,163.7100067138672,163.72000122070312,20250,0.0,0.0,0.0
2023-08-02 09:30:00-04:00,162.30999755859375,162.30999755859375,161.2700958251953,161.5,21405,0.0,0.0,0.0
2023-08-02 10:30:00-04:00,161.35000610351562,161.52999877929688,160.82000732421875,160.94259643554688,38067,0.0,0.0,0.0
2023-08-02 11:30:00-04:00,160.89999389648438,161.13999938964844,160.02999877929688,160.27000427246094,29076,0.0,0.0,0.0
2023-08-02 12:30:00-04:00,160.11000061035156,160.77000427246094,160.11000061035156,160.63999938964844,15532,0.0,0.0,0.0
2023-08-02 13:30:00-04:00,160.7198028564453,160.8936004638672,160.51499938964844,160.8300018310547,10792,0.0,0.0,0.0
2023-08-02 14:30:00-04:00,160.82899475097656,160.82899475097656,160.14999389648438,160.19000244140625,42603,0.0,0.0,0.0
2023-08-02 15:30:00-04:00,160.14999389648438,160.66000366210938,160.1300048828125,160.5399932861328,27822,0.0,0.0,0.0
2023-08-03 09:30:00-04:00,159.3800048828125,160.39999389648438,159.35899353027344,159.55999755859375,26437,0.0,0.0,0.0
2023-08-03 10:30:00-04:00,159.64410400390625,160.52999877929688,159.64410400390625,160.4499969482422,12596,0.0,0.0,0.0
2023-08-03 11:30:00-04:00,160.42999267578125,160.5198974609375,160.22999572753906,160.4600067138672,22143,0.0,0.0,0.0
2023-08-03 12:30:00-04:00,160.47000122070312,160.8300018310547,160.47000122070312,160.8079071044922,15940,0.0,0.0,0.0
2023-08-03 13:30:00-04:00,160.66000366210938,160.6699981689453,160.13999938964844,160.33999633789062,14801,0.0,0.0,0.0
2023-08-03 14:30:00-04:00,160.4499969482422,160.5399932861328,159.92999267578125,160.13999938964844,35005,0.0,0.0,0.0
2023-08-03 15:30:00-04:00,160.1699981689453,160.3699951171875,160.0,160.00999450683594,32303,0.0,0.0,0.0
2023-08-04 09:30:00-04:00,161.10000610351562,161.8699951171875,160.0417022705078,160.49000549316406,24538,0.0,0.0,0.0
2023-08-04 10:30:00-04:00,160.63999938964844,161.36500549316406,160.6300048828125,161.30929565429688,88995,0.0,0.0,0.0
2023-08-04 11:30:00-04:00,161.2541046142578,161.6376953125,161.13999938964844,161.6376953125,13458,0.0,0.0,0.0
2023-08-04 12:30:00-04:00,161.63729858398438,161.8000030517578,161.2100067138672,161.24000549316406,17363,0.0,0.0,0.0
2023-08-04 13:30:00-04:00,161.25,161.35000610351562,159.9499969482422,160.14999389648438,28493,0.0,0.0,0.0
2023-08-04 14:30:00-04:00,160.11000061035156,160.11000061035156,159.3699951171875,159.50999450683594,81501,0.0,0.0,0.0
2023-08-04 15:30:00-04:00,159.5800018310547,159.5800018310547,159.0800018310547,159.25999450683594,22475,0.0,0.0,0.0
2023-08-07 09:30:00-04:00,159.89999389648438,159.99000549316406,159.28500366210938,159.99000549316406,11107,0.0,0.0,0.0
2023-08-07 10:30:00-04:00,159.93389892578125,160.06500244140625,159.1699981689453,159.2899932861328,57706,0.0,0.0,0.0
2023-08-07 11:30:00-04:00,159.24969482421875,159.97799682617188,159.11000061035156,159.9199981689453,14473,0.0,0.0,0.0
2023-08-07 12:30:00-04:00,159.95899963378906,160.07000732421875,159.6300048828125,159.92999267578125,7851,0.0,0.0,0.0
2023-08-07 13:30:00-04:00,159.8699951171875,160.27999877929688,159.8300018310547,159.94000244140625,22518,0.0,0.0,0.0
2023-08-07 14:30:00-04:00,160.02999877929688,160.3300018310547,160.02999877929688,160.14999389648438,19959,0.0,0.0,0.0
2023-08-07 15:30:00-04:00,160.1300048828125,160.5800018310547,160.11000061035156,160.5399932861328,26431,0.0,0.0,0.0
2023-08-08 09:30:00-04:00,159.9199981689453,159.97000122070312,158.97000122070312,159.01300048828125,14208,0.0,0.0,0.0
2023-08-08 10:30:00-04:00,159.32000732421875,159.3300018310547,158.82000732421875,158.97129821777344,14806,0.0,0.0,0.0
2023-08-08 11:30:00-04:00,159.14010620117188,159.27999877929688,158.75,159.19000244140625,15214,0.0,0.0,0.0
2023-08-08 12:30:00-04:00,159.1811981201172,159.50999450683594,159.02999877929688,159.21499633789062,66713,0.0,0.0,0.0
2023-08-08 13:30:00-04:00,159.3800048828125,159.6999969482422,159.12379455566406,159.50999450683594,23685,0.0,0.0,0.0
2023-08-08 14:30:00-04:00,159.53500366210938,159.83999633789062,159.39999389648438,159.83999633789062,15287,0.0,0.0,0.0
2023-08-08 15:30:00-04:00,159.8300018310547,160.1199951171875,159.61000061035156,159.94000244140625,14457,0.0,0.0,0.0
2023-08-09 09:30:00-04:00,160.13999938964844,160.13999938964844,159.0500030517578,159.09010314941406,11378,0.0,0.0,0.0
2023-08-09 10:30:00-04:00,159.18960571289062,159.26950073242188,157.88499450683594,157.89999389648438,11764,0.0,0.0,0.0
2023-08-09 11:30:00-04:00,158.00999450683594,158.3300018310547,157.7899932861328,158.3300018310547,16172,0.0,0.0,0.0
2023-08-09 12:30:00-04:00,158.3699951171875,158.88999938964844,158.26109313964844,158.8300018310547,7644,0.0,0.0,0.0
2023-08-09 13:30:00-04:00,158.8699951171875,159.3300018310547,158.7998046875,159.30999755859375,113917,0.0,0.0,0.0
2023-08-09 14:30:00-04:00,159.3300018310547,159.4499969482422,158.72999572753906,158.92999267578125,16256,0.0,0.0,0.0
2023-08-09 15:30:00-04:00,158.8800048828125,158.9199981689453,158.02000427246094,158.02000427246094,21228,0.0,0.0,0.0
2023-08-10 09:30:00-04:00,159.08999633789062,160.59500122070312,159.08999633789062,160.19000244140625,14815,0.0,0.0,0.0
2023-08-10 10:30:00-04:00,160.25,160.3800048828125,159.05499267578125,159.28419494628906,26043,0.0,0.0,0.0
2023-08-10 11:30:00-04:00,159.2740020751953,159.57000732421875,158.4499969482422,158.58999633789062,22670,0.0,0.0,0.0
2023-08-10 12:30:00-04:00,158.83999633789062,159.1199951171875,158.22000122070312,158.33999633789062,51582,0.0,0.0,0.0
2023-08-10 13:30:00-04:00,158.25,158.67950439453125,157.80999755859375,158.5800018310547,42310,0.0,0.0,0.0
2023-08-10 14:30:00-04:00,158.42190551757812,158.85000610351562,158.25999450683594,158.38819885253906,17308,0.0,0.0,0.0
2023-08-10 15:30:00-04:00,158.30999755859375,158.41000366210938,158.08999633789062,158.33999633789062,30173,0.0,0.0,0.0
2023-08-11 09:30:00-04:00,157.38999938964844,158.3300018310547,156.99000549316406,158.10000610351562,18445,0.0,0.0,0.0
2023-08-11 10:30:00-04:00,157.8699951171875,158.1999969482422,157.2449951171875,157.30999755859375,0,0.0,0.0,0.0
2023-08-11 11:30:00-04:00,157.25,157.75999450683594,157.07000732421875,157.40269470214844,49508,0.0,0.0,0.0
2023-08-11 12:30:00-04:00,157.55999755859375,157.69810485839844,157.2263946533203,157.69810485839844,9873,0.0,0.0,0.0
2023-08-11 13:30:00-04:00,157.72000122070312,157.85400390625,157.31260681152344,157.8300018310547,11031,0.0,0.0,0.0
2023-08-11 14:30:00-04:00,157.97000122070312,157.9969024658203,157.55999755859375,157.85000610351562,14591,0.0,0.0,0.0
2023-08-11 15:30:00-04:00,157.83999633789062,157.94000244140625,157.47000122070312,157.63999938964844,19710,0.0,0.0,0.0
2023-08-14 09:30:00-04:00,157.32000732421875,158.4499969482422,157.26609802246094,158.4499969482422,18834,0.0,0.0,0.0
2023-08-14 10:30:00-04:00,158.3300018310547,159.24000549316406,158.3300018310547,158.9501953125,26357,0.0,0.0,0.0
2023-08-14 11:30:00-04:00,159.0,159.22999572753906,158.59500122070312,158.6699981689453,15664,0.0,0.0,0.0
2023-08-14 12:30:00-04:00,158.64999389648438,159.1699981689453,158.64999389648438,159.00999450683594,10768,0.0,0.0,0.0
2023-08-14 13:30:00-04:00,158.92979431152344,159.02000427246094,158.6999969482422,158.8491973876953,19690,0.0,0.0,0.0
2023-08-14 14:30:00-04:00,158.82000732421875,158.99899291992188,158.6199951171875,158.88999938964844,85146,0.0,0.0,0.0
2023-08-14 15:30:00-04:00,158.88999938964844,159.4199981689453,158.83999633789062,159.41000366210938,27623,0.0,0.0,0.0
2023-08-15 09:30:00-04:00,159.0399932861328,159.52000427246094,158.07000732421875,158.19000244140625,96812,0.0,0.0,0.0
2023-08-15 10:30:00-04:00,158.1999969482422,158.658203125,157.97500610351562,158.43069458007812,135154,0.0,0.0,0.0
2023-08-15 11:30:00-04:00,158.6300048828125,158.9761962890625,158.57000732421875,158.77000427246094,83129,0.0,0.0,0.0
2023-08-15 12:30:00-04:00,158.75,158.77000427246094,158.3699951171875,158.6999969482422,157059,0.0,0.0,0.0
2023-08-15 13:30:00-04:00,158.6967010498047,158.72000122070312,158.33999633789062,158.38409423828125,1519590,0.0,0.0,0.0
2023-08-15 14:30:00-04:00,158.38999938964844,158.5800018310547,157.84300231933594,157.84300231933594,197672,0.0,0.0,0.0
2023-08-15 15:30:00-04:00,157.72000122070312,158.11000061035156,157.69500732421875,157.97000122070312,2613250,0.0,0.0,0.0
2023-08-16 09:30:00-04:00,157.63999938964844,158.64999389648438,157.60000610351562,158.2899932861328,25892,0.0,0.0,0.0
2023-08-16 10:30:00-04:00,158.22500610351562,158.52999877929688,158.1199951171875,158.15769958496094,16955,0.0,0.0,0.0
2023-08-16 11:30:00-04:00,158.16990661621094,158.1699981689453,157.30999755859375,157.30999755859375,57232,0.0,0.0,0.0
2023-08-16 12:30:00-04:00,157.28700256347656,157.61000061035156,157.1999969482422,157.3699951171875,11032,0.0,0.0,0.0
2023-08-16 13:30:00-04:00,157.2803955078125,157.99000549316406,157.1300048828125,157.99000549316406,33059,0.0,0.0,0.0
2023-08-16 14:30:00-04:00,158.022705078125,158.0800018310547,156.7899932861328,156.94000244140625,24808,0.0,0.0,0.0
2023-08-16 15:30:00-04:00,156.9239959716797,157.13999938964844,156.6699981689453,156.6999969482422,31575,0.0,0.0,0.0
2023-08-17 09:30:00-04:00,157.11000061035156,157.16000366210938,156.19500732421875,156.2100067138672,38662,0.0,0.0,0.0
2023-08-17 10:30:00-04:00,156.35000610351562,156.5,155.97000122070312,156.06199645996094,29825,0.0,0.0,0.0
2023-08-17 11:30:00-04:00,156.0500030517578,156.75,155.99000549316406,156.69000244140625,27569,0.0,0.0,0.0
2023-08-17 12:30:00-04:00,156.6999969482422,156.83999633789062,156.3000946044922,156.3000946044922,8852,0.0,0.0,0.0
2023-08-17 13:30:00-04:00,156.2100067138672,156.2209014892578,155.72000122070312,155.93499755859375,23329,0.0,0.0,0.0
2023-08-17 14:30:00-04:00,155.89999389648438,155.89999389648438,154.8000030517578,155.22000122070312,62321,0.0,0.0,0.0
2023-08-17 15:30:00-04:00,155.2100067138672,155.39999389648438,154.82000732421875,155.00999450683594,65404,0.0,0.0,0.0
2023-08-18 09:30:00-04:00,153.4499969482422,154.0,153.13999938964844,153.42999267578125,40064,0.0,0.0,0.0
2023-08-18 10:30:00-04:00,153.3699951171875,154.3159942626953,153.35000610351562,154.06500244140625,18915,0.0,0.0,0.0
2023-08-18 11:30:00-04:00,153.9398956298828,154.72999572753906,153.7899932861328,154.4600067138672,0,0.0,0.0,0.0
2023-08-18 12:30:00-04:00,154.56239318847656,154.69000244140625,154.02999877929688,154.32000732421875,103904,0.0,0.0,0.0
2023-08-18 13:30:00-04:00,154.3699951171875,154.69000244140625,154.22999572753906,154.5305938720703,16590,0.0,0.0,0.0
2023-08-18 14:30:00-04:00,154.57620239257812,154.9600067138672,154.42999267578125,154.74989318847656,35396,0.0,0.0,0.0
2023-08-18 15:30:00-04:00,154.67999267578125,155.30999755859375,154.58999633789062,154.8000030517578,27093,0.0,0.0,0.0
2023-08-21 09:30:00-04:00,155.52999877929688,156.6199951171875,155.43919372558594,155.64999389648438,26290,0.0,0.0,0.0
2023-08-21 10:30:00-04:00,155.6300048828125,155.91000366210938,155.22000122070312,155.30369567871094,28918,0.0,0.0,0.0
2023-08-21 11:30:00-04:00,155.4199981689453,155.97999572753906,155.27499389648438,155.97999572753906,18753,0.0,0.0,0.0
2023-08-21 12:30:00-04:00,155.9199981689453,156.63999938964844,155.9199981689453,156.6300048828125,88807,0.0,0.0,0.0
2023-08-21 13:30:00-04:00,156.50999450683594,156.87570190429688,156.47999572753906,156.75999450683594,11715,0.0,0.0,0.0
2023-08-21 14:30:00-04:00,156.83999633789062,157.23989868164062,156.77000427246094,157.10800170898438,18887,0.0,0.0,0.0
2023-08-21 15:30:00-04:00,157.07000732421875,157.3383026123047,157.02999877929688,157.1199951171875,36194,0.0,0.0,0.0
2023-08-22 09:30:00-04:00,158.2899932861328,158.2899932861328,157.31500244140625,157.42999267578125,23724,0.0,0.0,0.0
2023-08-22 10:30:00-04:00,157.25,157.82000732421875,157.05999755859375,157.6199951171875,72748,0.0,0.0,0.0
2023-08-22 11:30:00-04:00,157.52169799804688,157.6699981689453,156.74000549316406,157.02999877929688,32344,0.0,0.0,0.0
2023-08-22 12:30:00-04:00,157.10000610351562,157.4261932373047,156.8300018310547,156.96009826660156,27438,0.0,0.0,0.0
2023-08-22 13:30:00-04:00,157.0,157.13999938964844,156.77000427246094,157.13999938964844,26935,0.0,0.0,0.0
2023-08-22 14:30:00-04:00,157.24000549316406,157.47999572753906,156.9586944580078,157.072998046875,50178,0.0,0.0,0.0
2023-08-22 15:30:00-04:00,157.0399932861328,157.0800018310547,156.69000244140625,156.9600067138672,30326,0.0,0.0,0.0
2023-08-23 09:30:00-04:00,157.49000549316406,158.7100067138672,157.49000549316406,158.67999267578125,34127,0.0,0.0,0.0
2023-08-23 10:30:00-04:00,158.77999877929688,159.32000732421875,158.64999389648438,159.30499267578125,18528,0.0,0.0,0.0
2023-08-23 11:30:00-04:00,159.2465057373047,159.3699951171875,158.9613037109375,159.14999389648438,26838,0.0,0.0,0.0
2023-08-23 12:30:00-04:00,159.19569396972656,159.5800018310547,159.11000061035156,159.5800018310547,13731,0.0,0.0,0.0
2023-08-23 13:30:00-04:00,159.63499450683594,159.80999755859375,159.35000610351562,159.51609802246094,20141,0.0,0.0,0.0
2023-08-23 14:30:00-04:00,159.4510955810547,159.59500122070312,159.24000549316406,159.50999450683594,19026,0.0,0.0,0.0
2023-08-23 15:30:00-04:00,159.57989501953125,159.69000244140625,159.27000427246094,159.4199981689453,33713,0.0,0.0,0.0
2023-08-24 09:30:00-04:00,160.82000732421875,160.88999938964844,158.72610473632812,158.72610473632812,32831,0.0,0.0,0.0
2023-08-24 10:30:00-04:00,158.47999572753906,158.47999572753906,157.80999755859375,157.88999938964844,16179,0.0,0.0,0.0
2023-08-24 11:30:00-04:00,157.75,157.92999267578125,157.32000732421875,157.83169555664062,9081,0.0,0.0,0.0
2023-08-24 12:30:00-04:00,157.84120178222656,158.27000427246094,157.5399932861328,157.57000732421875,8199,0.0,0.0,0.0
2023-08-24 13:30:00-04:00,157.5800018310547,157.9499969482422,157.5800018310547,157.60899353027344,11920,0.0,0.0,0.0
2023-08-24 14:30:00-04:00,157.61000061035156,157.64999389648438,157.0883026123047,157.11000061035156,12226,0.0,0.0,0.0
2023-08-24 15:30:00-04:00,157.10000610351562,157.10000610351562,156.38999938964844,156.38999938964844,36575,0.0,0.0,0.0
2023-08-25 09:30:00-04:00,156.94000244140625,158.3300018310547,156.92999267578125,157.0,29027,0.0,0.0,0.0
2023-08-25 10:30:00-04:00,156.88999938964844,156.95309448242188,155.4199981689453,156.24009704589844,37343,0.0,0.0,0.0
2023-08-25 11:30:00-04:00,156.3800048828125,156.85000610351562,155.97999572753906,156.75,20328,0.0,0.0,0.0
2023-08-25 12:30:00-04:00,156.72999572753906,156.83639526367188,156.38999938964844,156.51759338378906,13126,0.0,0.0,0.0
2023-08-25 13:30:00-04:00,156.4600067138672,157.58999633789062,156.27000427246094,157.58999633789062,25789,0.0,0.0,0.0
2023-08-25 14:30:00-04:00,157.63999938964844,158.0800018310547,157.38999938964844,157.97000122070312,20390,0.0,0.0,0.0
2023-08-25 15:30:00-04:00,157.92999267578125,157.97000122070312,157.52000427246094,157.5399932861328,22045,0.0,0.0,0.0
2023-08-28 09:30:00-04:00,158.64999389648438,158.74000549316406,157.74380493164062,158.58999633789062,27954,0.0,0.0,0.0
2023-08-28 10:30:00-04:00,158.57000732421875,158.61000061035156,157.77999877929688,157.92999267578125,28088,0.0,0.0,0.0
2023-08-28 11:30:00-04:00,157.92999267578125,158.1302947998047,157.66000366210938,157.80999755859375,23435,0.0,0.0,0.0
2023-08-28 12:30:00-04:00,157.82009887695312,158.77000427246094,157.77000427246094,158.6107940673828,14054,0.0,0.0,0.0
2023-08-28 13:30:00-04:00,158.72000122070312,158.72000122070312,157.8300018310547,158.0590057373047,14701,0.0,0.0,0.0
2023-08-28 14:30:00-04:00,158.0,158.50999450683594,157.9320068359375,158.30999755859375,23520,0.0,0.0,0.0
2023-08-28 15:30:00-04:00,158.25999450683594,158.91000366210938,158.22300720214844,158.72999572753906,87972,0.0,0.0,0.0
2023-08-29 09:30:00-04:00,158.4600067138672,160.5800018310547,158.4600067138672,160.5800018310547,24334,0.0,0.0,0.0
2023-08-29 10:30:00-04:00,160.91000366210938,161.14999389648438,160.53140258789062,161.1199951171875,42721,0.0,0.0,0.0
2023-08-29 11:30:00-04:00,161.21560668945312,161.6199951171875,161.21560668945312,161.55999755859375,15276,0.0,0.0,0.0
2023-08-29 12:30:00-04:00,161.58079528808594,161.64999389648438,161.2899932861328,161.4832000732422,56799,0.0,0.0,0.0
2023-08-29 13:30:00-04:00,161.5,161.74000549316406,161.27999877929688,161.64999389648438,171090,0.0,0.0,0.0
2023-08-29 14:30:00-04:00,161.66000366210938,162.02000427246094,161.58999633789062,162.00999450683594,40109,0.0,0.0,0.0
2023-08-29 15:30:00-04:00,161.9499969482422,162.0399932861328,161.75999450683594,161.9499969482422,28363,0.0,0.0,0.0
2023-08-30 09:30:00-04:00,162.05999755859375,163.07989501953125,161.69140625,162.02999877929688,48917,0.0,0.0,0.0
2023-08-30 10:30:00-04:00,162.0800018310547,162.72999572753906,162.02999877929688,162.40130615234375,23283,0.0,0.0,0.0
2023-08-30 11:30:00-04:00,162.6300048828125,163.11500549316406,162.6300048828125,163.08999633789062,16762,0.0,0.0,0.0
2023-08-30 12:30:00-04:00,163.02999877929688,163.16439819335938,162.88999938964844,162.9499969482422,25955,0.0,0.0,0.0
2023-08-30 13:30:00-04:00,162.97979736328125,163.08999633789062,162.4600067138672,162.4600067138672,38417,0.0,0.0,0.0
2023-08-30 14:30:00-04:00,162.60000610351562,163.0876007080078,162.60000610351562,162.8153076171875,19638,0.0,0.0,0.0
2023-08-30 15:30:00-04:00,162.8289031982422,162.99000549316406,162.66000366210938,162.89999389648438,29547,0.0,0.0,0.0
2023-08-31 09:30:00-04:00,163.0,163.97000122070312,163.0,163.97000122070312,15274,0.0,0.0,0.0
2023-08-31 10:30:00-04:00,163.9600067138672,164.0399932861328,163.5399932861328,163.5399932861328,11235,0.0,0.0,0.0
2023-08-31 11:30:00-04:00,163.6300048828125,163.74000549316406,163.19000244140625,163.25999450683594,10509,0.0,0.0,0.0
2023-08-31 12:30:00-04:00,163.32000732421875,163.52999877929688,162.9199981689453,163.47450256347656,10562,0.0,0.0,0.0
2023-08-31 13:30:00-04:00,163.52000427246094,163.7550048828125,163.27499389648438,163.7550048828125,11098,0.0,0.0,0.0
2023-08-31 14:30:00-04:00,163.69000244140625,163.72000122070312,163.41000366210938,163.5800018310547,28548,0.0,0.0,0.0
2023-08-31 15:30:00-04:00,163.6199951171875,163.77000427246094,163.11000061035156,163.11000061035156,23906,0.0,0.0,0.0
2023-09-01 09:30:00-04:00,164.36000061035156,164.36000061035156,162.8842010498047,163.64999389648438,21686,0.0,0.0,0.0
2023-09-01 10:30:00-04:00,163.52000427246094,163.52000427246094,162.67010498046875,163.00999450683594,29779,0.0,0.0,0.0
2023-09-01 11:30:00-04:00,162.94000244140625,162.94630432128906,162.44500732421875,162.84500122070312,24628,0.0,0.0,0.0
2023-09-01 12:30:00-04:00,162.86000061035156,163.03500366210938,162.6300048828125,162.74769592285156,7250,0.0,0.0,0.0
2023-09-01 13:30:00-04:00,162.75,162.83839416503906,162.39999389648438,162.4499969482422,16146,0.0,0.0,0.0
2023-09-01 14:30:00-04:00,162.45199584960938,162.88999938964844,162.39999389648438,162.88999938964844,23504,0.0,0.0,0.0
2023-09-01 15:30:00-04:00,162.89999389648438,163.0500030517578,162.77000427246094,162.92999267578125,11591,0.0,0.0,0.0
2023-09-05 09:30:00-04:00,162.72000122070312,163.0800018310547,162.4499969482422,163.02000427246094,17469,0.0,0.0,0.0
2023-09-05 10:30:00-04:00,162.80630493164062,163.67999267578125,162.73199462890625,163.49819946289062,10611,0.0,0.0,0.0
2023-09-05 11:30:00-04:00,163.33419799804688,163.50819396972656,163.08999633789062,163.5,13631,0.0,0.0,0.0
2023-09-05 12:30:00-04:00,163.49000549316406,163.5854034423828,163.26699829101562,163.26699829101562,6949,0.0,0.0,0.0
2023-09-05 13:30:00-04:00,163.23390197753906,163.658203125,163.23390197753906,163.60000610351562,5879,0.0,0.0,0.0
2023-09-05 14:30:00-04:00,163.72000122070312,163.81460571289062,163.42019653320312,163.4958953857422,45755,0.0,0.0,0.0
2023-09-05 15:30:00-04:00,163.51080322265625,163.75,163.3300018310547,163.33999633789062,170036,0.0,0.0,0.0
2023-09-06 09:30:00-04:00,162.9199981689453,162.9199981689453,161.47999572753906,161.5,16659,0.0,0.0,0.0
2023-09-06 10:30:00-04:00,161.72610473632812,161.72610473632812,161.23260498046875,161.5,16155,0.0,0.0,0.0
2023-09-06 11:30:00-04:00,161.52000427246094,161.60960388183594,161.05999755859375,161.05999755859375,15600,0.0,0.0,0.0
2023-09-06 12:30:00-04:00,161.02000427246094,161.27000427246094,160.75999450683594,161.11659240722656,15642,0.0,0.0,0.0
2023-09-06 13:30:00-04:00,161.13259887695312,161.3800048828125,161.1199951171875,161.32000732421875,36279,0.0,0.0,0.0
2023-09-06 14:30:00-04:00,161.43179321289062,161.50999450683594,161.14999389648438,161.23500061035156,12622,0.0,0.0,0.0
2023-09-06 15:30:00-04:00,161.3300018310547,161.64999389648438,161.256103515625,161.61000061035156,57993,0.0,0.0,0.0
2023-09-07 09:30:00-04:00,159.52999877929688,160.22000122070312,159.33999633789062,160.0399932861328,24550,0.0,0.0,0.0
2023-09-07 10:30:00-04:00,159.8800048828125,160.72000122070312,159.74000549316406,160.41000366210938,14479,0.0,0.0,0.0
2023-09-07 11:30:00-04:00,160.5666046142578,160.7100067138672,160.0,160.7100067138672,10448,0.0,0.0,0.0
2023-09-07 12:30:00-04:00,160.6309051513672,160.7100067138672,160.35760498046875,160.5800018310547,14819,0.0,0.0,0.0
2023-09-07 13:30:00-04:00,160.7008056640625,160.9600067138672,160.49000549316406,160.67999267578125,27535,0.0,0.0,0.0
2023-09-07 14:30:00-04:00,160.56539916992188,160.97000122070312,160.5,160.904296875,19132,0.0,0.0,0.0
2023-09-07 15:30:00-04:00,160.8699951171875,161.1999969482422,160.75999450683594,160.8800048828125,41474,0.0,0.0,0.0
2023-09-08 09:30:00-04:00,160.80999755859375,161.9199981689453,160.80999755859375,161.77999877929688,20360,0.0,0.0,0.0
2023-09-08 10:30:00-04:00,161.75,161.81480407714844,161.32510375976562,161.7949981689453,10866,0.0,0.0,0.0
2023-09-08 11:30:00-04:00,161.78500366210938,161.9561004638672,161.52000427246094,161.82000732421875,10925,0.0,0.0,0.0
2023-09-08 12:30:00-04:00,161.60020446777344,161.63949584960938,161.24330139160156,161.44650268554688,8911,0.0,0.0,0.0
2023-09-08 13:30:00-04:00,161.51600646972656,161.61990356445312,161.04209899902344,161.14999389648438,6190,0.0,0.0,0.0
2023-09-08 14:30:00-04:00,161.1916961669922,161.19900512695312,160.82000732421875,160.92999267578125,18076,0.0,0.0,0.0
2023-09-08 15:30:00-04:00,160.97000122070312,161.25999450683594,160.83999633789062,161.24000549316406,28067,0.0,0.0,0.0
2023-09-11 09:30:00-04:00,162.4499969482422,162.80999755859375,161.77999877929688,161.9499969482422,11883,0.0,0.0,0.0
2023-09-11 10:30:00-04:00,161.90499877929688,162.39010620117188,161.77169799804688,162.39010620117188,19661,0.0,0.0,0.0
2023-09-11 11:30:00-04:00,162.25450134277344,162.42999267578125,162.05999755859375,162.41000366210938,41508,0.0,0.0,0.0
2023-09-11 12:30:00-04:00,162.25999450683594,162.6699981689453,162.19000244140625,162.6699981689453,4763,0.0,0.0,0.0
2023-09-11 13:30:00-04:00,162.69009399414062,163.0399932861328,162.69009399414062,163.02000427246094,45014,0.0,0.0,0.0
2023-09-11 14:30:00-04:00,163.0500030517578,163.22999572753906,162.92999267578125,163.19000244140625,34903,0.0,0.0,0.0
2023-09-11 15:30:00-04:00,163.17410278320312,163.2100067138672,162.8800048828125,163.05999755859375,23982,0.0,0.0,0.0
2023-09-12 09:30:00-04:00,162.2899932861328,162.56109619140625,161.88250732421875,161.91000366210938,13158,0.0,0.0,0.0
2023-09-12 10:30:00-04:00,161.7100067138672,162.0198974609375,161.2899932861328,161.41000366210938,17005,0.0,0.0,0.0
2023-09-12 11:30:00-04:00,161.58999633789062,161.85000610351562,161.58999633789062,161.72000122070312,27534,0.0,0.0,0.0
2023-09-12 12:30:00-04:00,161.66000366210938,162.1947021484375,161.60000610351562,162.11000061035156,6923,0.0,0.0,0.0
2023-09-12 13:30:00-04:00,162.07000732421875,162.16000366210938,161.2100067138672,161.4499969482422,27427,0.0,0.0,0.0
2023-09-12 14:30:00-04:00,161.35000610351562,161.52000427246094,160.82000732421875,160.94000244140625,56381,0.0,0.0,0.0
2023-09-12 15:30:00-04:00,160.9499969482422,161.17999267578125,160.91000366210938,161.05999755859375,42601,0.0,0.0,0.0
2023-09-13 09:30:00-04:00,160.9600067138672,161.6999969482422,160.61000061035156,161.3300018310547,14672,0.0,0.0,0.0
2023-09-13 10:30:00-04:00,161.4600067138672,161.97000122070312,161.35000610351562,161.9600067138672,11245,0.0,0.0,0.0
2023-09-13 11:30:00-04:00,162.02679443359375,162.0399932861328,161.55999755859375,162.0399932861328,21469,0.0,0.0,0.0
2023-09-13 12:30:00-04:00,162.08999633789062,162.08999633789062,161.82000732421875,162.07009887695312,6476,0.0,0.0,0.0
2023-09-13 13:30:00-04:00,162.0500946044922,162.25289916992188,161.8800048828125,162.0500030517578,21050,0.0,0.0,0.0
2023-09-13 14:30:00-04:00,162.0500946044922,162.05999755859375,161.3000030517578,161.66000366210938,51523,0.0,0.0,0.0
2023-09-13 15:30:00-04:00,161.6999969482422,161.82000732421875,161.61000061035156,161.6999969482422,34013,0.0,0.0,0.0
2023-09-14 09:30:00-04:00,162.42999267578125,162.57000732421875,161.5727996826172,162.0500030517578,15550,0.0,0.0,0.0
2023-09-14 10:30:00-04:00,162.0500030517578,162.92999267578125,162.0500030517578,162.77999877929688,9395,0.0,0.0,0.0
2023-09-14 11:30:00-04:00,162.6300048828125,163.0070037841797,162.39830017089844,162.83999633789062,12771,0.0,0.0,0.0
2023-09-14 12:30:00-04:00,162.75,163.02000427246094,162.75,162.88999938964844,95947,0.0,0.0,0.0
2023-09-14 13:30:00-04:00,162.97000122070312,163.02000427246094,162.72000122070312,162.7899932861328,608900,0.0,0.0,0.0
2023-09-14 14:30:00-04:00,162.63999938964844,163.17990112304688,162.61000061035156,162.82000732421875,14211,0.0,0.0,0.0
2023-09-14 15:30:00-04:00,162.7899932861328,163.0,162.72999572753906,162.8300018310547,28417,0.0,0.0,0.0
2023-09-15 09:30:00-04:00,162.35000610351562,162.41000366210938,161.00999450683594,161.19000244140625,41118,0.0,0.0,0.0
2023-09-15 10:30:00-04:00,161.25999450683594,161.30999755859375,160.5449981689453,160.61000061035156,15997,0.0,0.0,0.0
2023-09-15 11:30:00-04:00,160.7100067138672,160.89999389648438,160.57240295410156,160.74000549316406,30314,0.0,0.0,0.0
2023-09-15 12:30:00-04:00,160.7899932861328,161.05999755859375,160.1699981689453,160.1699981689453,21801,0.0,0.0,0.0
2023-09-15 13:30:00-04:00,160.14999389648438,160.39999389648438,159.9600067138672,159.97999572753906,24630,0.0,0.0,0.0
2023-09-15 14:30:00-04:00,160.1199951171875,160.23500061035156,159.92999267578125,160.2100067138672,12491,0.0,0.0,0.0
2023-09-15 15:30:00-04:00,160.3800048828125,160.3800048828125,159.9499969482422,160.1699981689453,21783,0.0,0.0,0.0
2023-09-18 09:30:00-04:00,159.6999969482422,160.38999938964844,159.6999969482422,160.38999938964844,24541,0.0,0.0,0.0
2023-09-18 10:30:00-04:00,160.1699981689453,160.52000427246094,160.0469970703125,160.4600067138672,13570,0.0,0.0,0.0
2023-09-18 11:30:00-04:00,160.4945068359375,160.77999877929688,160.4945068359375,160.77999877929688,8152,0.0,0.0,0.0
2023-09-18 12:30:00-04:00,160.82000732421875,160.86239624023438,160.55999755859375,160.7100067138672,11372,0.0,0.0,0.0
2023-09-18 13:30:00-04:00,160.74000549316406,160.82000732421875,160.5399932861328,160.5399932861328,23615,0.0,0.0,0.0
2023-09-18 14:30:00-04:00,160.5399932861328,160.6300048828125,160.13999938964844,160.25999450683594,113142,0.0,0.0,0.0
2023-09-18 15:30:00-04:00,160.22999572753906,160.39999389648438,160.10000610351562,160.39999389648438,17223,0.0,0.0,0.0
2023-09-19 09:30:00-04:00,159.77000427246094,159.97349548339844,159.0399932861328,159.27000427246094,16061,0.0,0.0,0.0
2023-09-19 10:30:00-04:00,159.1580047607422,159.1580047607422,158.83999633789062,158.9936065673828,70443,0.0,0.0,0.0
2023-09-19 11:30:00-04:00,158.97000122070312,159.14999389648438,158.8800048828125,159.1199951171875,19455,0.0,0.0,0.0
2023-09-19 12:30:00-04:00,159.05999755859375,159.55999755859375,158.89999389648438,159.4499969482422,14720,0.0,0.0,0.0
2023-09-19 13:30:00-04:00,159.4499969482422,160.0500030517578,159.4499969482422,159.968994140625,16306,0.0,0.0,0.0
2023-09-19 14:30:00-04:00,159.91000366210938,160.2899932861328,159.69000244140625,159.90939331054688,22149,0.0,0.0,0.0
2023-09-19 15:30:00-04:00,159.95289611816406,160.24000549316406,159.94700622558594,160.0800018310547,31037,0.0,0.0,0.0
2023-09-20 09:30:00-04:00,160.5,160.57000732421875,159.9499969482422,160.04490661621094,15539,0.0,0.0,0.0
2023-09-20 10:30:00-04:00,160.02999877929688,160.1750946044922,159.5850067138672,159.625,20708,0.0,0.0,0.0
2023-09-20 11:30:00-04:00,159.63999938964844,160.00999450683594,159.60000610351562,159.9600067138672,10581,0.0,0.0,0.0
2023-09-20 12:30:00-04:00,159.97470092773438,160.0749969482422,159.902099609375,159.9499053955078,11292,0.0,0.0,0.0
2023-09-20 13:30:00-04:00,159.91000366210938,159.9698944091797,159.17999267578125,159.6199951171875,79876,0.0,0.0,0.0
2023-09-20 14:30:00-04:00,159.49000549316406,160.14999389648438,158.5998992919922,158.77000427246094,59672,0.0,0.0,0.0
2023-09-20 15:30:00-04:00,158.8800048828125,158.8800048828125,157.75,157.75999450683594,49760,0.0,0.0,0.0
2023-09-21 09:30:00-04:00,156.17999267578125,156.4199981689453,155.44000244140625,155.91000366210938,54120,0.0,0.0,0.0
2023-09-21 10:30:00-04:00,155.92999267578125,156.4499969482422,155.64999389648438,155.64999389648438,111378,0.0,0.0,0.0
2023-09-21 11:30:00-04:00,155.8000030517578,155.99000549316406,155.5399932861328,155.5399932861328,13245,0.0,0.0,0.0
2023-09-21 12:30:00-04:00,155.7949981689453,156.27999877929688,155.64830017089844,156.14999389648438,26401,0.0,0.0,0.0
2023-09-21 13:30:00-04:00,156.25,156.2949981689453,155.55999755859375,155.55999755859375,23000,0.0,0.0,0.0
2023-09-21 14:30:00-04:00,155.60000610351562,155.7698974609375,155.13999938964844,155.14190673828125,28424,0.0,0.0,0.0
2023-09-21 15:30:00-04:00,155.17999267578125,155.2899932861328,154.82000732421875,154.86000061035156,59822,0.0,0.0,0.0
2023-09-22 09:30:00-04:00,155.5800018310547,155.72999572753906,155.16000366210938,155.42999267578125,23973,0.0,0.0,0.0
2023-09-22 10:30:00-04:00,155.8000030517578,156.3740997314453,155.8000030517578,156.3740997314453,47482,0.0,0.0,0.0
2023-09-22 11:30:00-04:00,156.35000610351562,156.35000610351562,155.8957977294922,156.16000366210938,10017,0.0,0.0,0.0
2023-09-22 12:30:00-04:00,156.25999450683594,156.3300018310547,155.44000244140625,155.50709533691406,16239,0.0,0.0,0.0
2023-09-22 13:30:00-04:00,155.4600067138672,155.47000122070312,154.66000366210938,154.97999572753906,24714,0.0,0.0,0.0
2023-09-22 14:30:00-04:00,154.93499755859375,155.82000732421875,154.8498992919922,155.66189575195312,31189,0.0,0.0,0.0
2023-09-22 15:30:00-04:00,155.62750244140625,155.64999389648438,154.55999755859375,154.75999450683594,32263,0.0,0.0,0.0
2023-09-25 09:30:00-04:00,154.35000610351562,155.02999877929688,153.99000549316406,154.77999877929688,17973,0.0,0.0,0.0
2023-09-25 10:30:00-04:00,154.63999938964844,155.39999389648438,154.38999938964844,155.1699981689453,37611,0.0,0.0,0.0
2023-09-25 11:30:00-04:00,155.19000244140625,155.60000610351562,155.1699981689453,155.60000610351562,19572,0.0,0.0,0.0
2023-09-25 12:30:00-04:00,155.51629638671875,155.51629638671875,154.9600067138672,155.05999755859375,7622,0.0,0.0,0.0
2023-09-25 13:30:00-04:00,155.10000610351562,155.375,155.0500030517578,155.14999389648438,8489,0.0,0.0,0.0
2023-09-25 14:30:00-04:00,155.27999877929688,155.28379821777344,154.67999267578125,155.0,39888,0.0,0.0,0.0
2023-09-25 15:30:00-04:00,155.0800018310547,155.58999633789062,155.0399932861328,155.58999633789062,30188,0.0,0.0,0.0
2023-09-26 09:30:00-04:00,154.19000244140625,154.2899932861328,152.94000244140625,153.11000061035156,32558,0.0,0.0,0.0
2023-09-26 10:30:00-04:00,153.34750366210938,153.6999969482422,152.98129272460938,153.04010009765625,22633,0.0,0.0,0.0
2023-09-26 11:30:00-04:00,152.85000610351562,153.30999755859375,152.83999633789062,153.27000427246094,33436,0.0,0.0,0.0
2023-09-26 12:30:00-04:00,153.17999267578125,153.44000244140625,152.99000549316406,152.99000549316406,15591,0.0,0.0,0.0
2023-09-26 13:30:00-04:00,152.99000549316406,153.0290985107422,152.6374969482422,152.6374969482422,23458,0.0,0.0,0.0
2023-09-26 14:30:00-04:00,152.67999267578125,152.74000549316406,152.35049438476562,152.40679931640625,16626,0.0,0.0,0.0
2023-09-26 15:30:00-04:00,152.42999267578125,152.8000030517578,152.31500244140625,152.69000244140625,25265,0.0,0.0,0.0
2023-09-27 09:30:00-04:00,153.14999389648438,153.5500030517578,152.4145965576172,152.9499969482422,23607,0.0,0.0,0.0
2023-09-27 10:30:00-04:00,152.8800048828125,153.01499938964844,152.1699981689453,152.60000610351562,28907,0.0,0.0,0.0
2023-09-27 11:30:00-04:00,152.58999633789062,152.68020629882812,151.72999572753906,151.88999938964844,18551,0.0,0.0,0.0
2023-09-27 12:30:00-04:00,151.9499969482422,152.11000061035156,151.49000549316406,151.49000549316406,46251,0.0,0.0,0.0
2023-09-27 13:30:00-04:00,151.57000732421875,151.9499969482422,151.1699981689453,151.9499969482422,25551,0.0,0.0,0.0
2023-09-27 14:30:00-04:00,152.05999755859375,153.3699951171875,152.05999755859375,152.93299865722656,33445,0.0,0.0,0.0
2023-09-27 15:30:00-04:00,152.82000732421875,152.99000549316406,152.30499267578125,152.74000549316406,27409,0.0,0.0,0.0
2023-09-28 09:30:00-04:00,152.22000122070312,152.96099853515625,151.8800048828125,152.52999877929688,29414,0.0,0.0,0.0
2023-09-28 10:30:00-04:00,152.52529907226562,153.42999267578125,152.16000366210938,153.4199981689453,32206,0.0,0.0,0.0
2023-09-28 11:30:00-04:00,153.49000549316406,154.5,153.47999572753906,154.5,21545,0.0,0.0,0.0
2023-09-28 12:30:00-04:00,154.52000427246094,154.52000427246094,153.75,153.84500122070312,16080,0.0,0.0,0.0
2023-09-28 13:30:00-04:00,153.85000610351562,154.0373992919922,153.5800018310547,154.0373992919922,16724,0.0,0.0,0.0
2023-09-28 14:30:00-04:00,153.90919494628906,154.23609924316406,153.3699951171875,154.2100067138672,11288,0.0,0.0,0.0
2023-09-28 15:30:00-04:00,154.22999572753906,154.22999572753906,153.57000732421875,153.7899932861328,16765,0.0,0.0,0.0
2023-09-29 09:30:00-04:00,155.3300018310547,155.64999389648438,154.97999572753906,155.02999877929688,14080,0.0,0.0,0.0
2023-09-29 10:30:00-04:00,155.11000061035156,155.44000244140625,154.73500061035156,154.73500061035156,20001,0.0,0.0,0.0
2023-09-29 11:30:00-04:00,154.76499938964844,154.7877960205078,154.33999633789062,154.66909790039062,13099,0.0,0.0,0.0
2023-09-29 12:30:00-04:00,154.60000610351562,154.63499450683594,153.44000244140625,153.82000732421875,16426,0.0,0.0,0.0
2023-09-29 13:30:00-04:00,153.8800048828125,153.89999389648438,153.33999633789062,153.36000061035156,18460,0.0,0.0,0.0
2023-09-29 14:30:00-04:00,153.3800048828125,154.22000122070312,153.36000061035156,153.91000366210938,28118,0.0,0.0,0.0
2023-09-29 15:30:00-04:00,153.83999633789062,154.4199981689453,153.60000610351562,153.7899932861328,31558,0.0,0.0,0.0
2023-10-02 09:30:00-04:00,153.7899932861328,155.1699981689453,153.6699981689453,154.7100067138672,203043,0.0,0.0,0.0
2023-10-02 10:30:00-04:00,154.69000244140625,155.86000061035156,154.68910217285156,155.75,70554,0.0,0.0,0.0
2023-10-02 11:30:00-04:00,155.7899932861328,155.7899932861328,154.5399932861328,154.57000732421875,27525,0.0,0.0,0.0
2023-10-02 12:30:00-04:00,154.5800018310547,154.69000244140625,154.1999969482422,154.6024932861328,99087,0.0,0.0,0.0
2023-10-02 13:30:00-04:00,154.6699981689453,154.97999572753906,154.35350036621094,154.35350036621094,44785,0.0,0.0,0.0
2023-10-02 14:30:00-04:00,154.4199981689453,154.85000610351562,154.22999572753906,154.74000549316406,137230,0.0,0.0,0.0
2023-10-02 15:30:00-04:00,154.72999572753906,155.4499969482422,154.72999572753906,155.41000366210938,71284,0.0,0.0,0.0
2023-10-03 09:30:00-04:00,154.4499969482422,155.1199951171875,153.4425048828125,153.47999572753906,25179,0.0,0.0,0.0
2023-10-03 10:30:00-04:00,153.17999267578125,153.44000244140625,152.72999572753906,152.7899932861328,11926,0.0,0.0,0.0
2023-10-03 11:30:00-04:00,152.7899932861328,153.14999389648438,152.5399932861328,153.07000732421875,19370,0.0,0.0,0.0
2023-10-03 12:30:00-04:00,153.16000366210938,153.25,152.75,152.75,14940,0.0,0.0,0.0
2023-10-03 13:30:00-04:00,152.66000366210938,152.70370483398438,152.1999969482422,152.3000030517578,17821,0.0,0.0,0.0
2023-10-03 14:30:00-04:00,152.3800048828125,152.63909912109375,152.17999267578125,152.22999572753906,63023,0.0,0.0,0.0
2023-10-03 15:30:00-04:00,152.2100067138672,152.6999969482422,152.0727996826172,152.6999969482422,127666,0.0,0.0,0.0
2023-10-04 09:30:00-04:00,152.8800048828125,153.9499969482422,152.8800048828125,153.14599609375,23454,0.0,0.0,0.0
2023-10-04 10:30:00-04:00,153.14999389648438,154.18670654296875,153.14999389648438,154.1190948486328,32191,0.0,0.0,0.0
2023-10-04 11:30:00-04:00,154.0688934326172,154.52000427246094,154.02999877929688,154.33999633789062,29182,0.0,0.0,0.0
2023-10-04 12:30:00-04:00,154.3800048828125,154.50999450683594,153.9801025390625,153.9801025390625,19843,0.0,0.0,0.0
2023-10-04 13:30:00-04:00,153.8800048828125,153.99000549316406,153.66000366210938,153.89999389648438,14759,0.0,0.0,0.0
2023-10-04 14:30:00-04:00,153.97000122070312,154.8000030517578,153.8000030517578,154.72000122070312,87957,0.0,0.0,0.0
2023-10-04 15:30:00-04:00,154.74000549316406,155.08999633789062,154.69000244140625,154.72000122070312,41492,0.0,0.0,0.0
2023-10-05 09:30:00-04:00,154.72999572753906,154.7899932861328,153.75999450683594,154.14999389648438,12663,0.0,0.0,0.0
2023-10-05 10:30:00-04:00,153.97999572753906,154.02000427246094,153.34010314941406,153.72000122070312,26911,0.0,0.0,0.0
2023-10-05 11:30:00-04:00,153.65499877929688,154.3699951171875,153.60000610351562,154.32000732421875,19354,0.0,0.0,0.0
2023-10-05 12:30:00-04:00,154.4763946533203,154.4763946533203,154.0,154.23989868164062,13361,0.0,0.0,0.0
2023-10-05 13:30:00-04:00,154.17999267578125,154.860107421875,154.1199951171875,154.75,23705,0.0,0.0,0.0
2023-10-05 14:30:00-04:00,154.75999450683594,155.17999267578125,154.74000549316406,154.74000549316406,39495,0.0,0.0,0.0
2023-10-05 15:30:00-04:00,154.99830627441406,155.0399932861328,154.77000427246094,154.80999755859375,23292,0.0,0.0,0.0
2023-10-06 09:30:00-04:00,153.64999389648438,154.7532958984375,153.60000610351562,154.7532958984375,32934,0.0,0.0,0.0
2023-10-06 10:30:00-04:00,154.73379516601562,155.88999938964844,154.73379516601562,155.82000732421875,78529,0.0,0.0,0.0
2023-10-06 11:30:00-04:00,156.0,157.0399932861328,156.0,156.6999969482422,23881,0.0,0.0,0.0
2023-10-06 12:30:00-04:00,156.72999572753906,157.35000610351562,156.5500030517578,157.23599243164062,86310,0.0,0.0,0.0
2023-10-06 13:30:00-04:00,157.3488006591797,157.55999755859375,157.07000732421875,157.55999755859375,25705,0.0,0.0,0.0
2023-10-06 14:30:00-04:00,157.55999755859375,157.83999633789062,157.52999877929688,157.83099365234375,39014,0.0,0.0,0.0
2023-10-06 15:30:00-04:00,157.8300018310547,157.9093017578125,157.4199981689453,157.4199981689453,14367,0.0,0.0,0.0
2023-10-09 09:30:00-04:00,156.3699951171875,157.05999755859375,155.8000030517578,156.72000122070312,32716,0.0,0.0,0.0
2023-10-09 10:30:00-04:00,156.6699981689453,156.72999572753906,155.9907989501953,156.39169311523438,13532,0.0,0.0,0.0
2023-10-09 11:30:00-04:00,156.63999938964844,157.27000427246094,156.52000427246094,157.00999450683594,103400,0.0,0.0,0.0
2023-10-09 12:30:00-04:00,157.00999450683594,157.3715057373047,156.87890625,157.3699951171875,20791,0.0,0.0,0.0
2023-10-09 13:30:00-04:00,157.39999389648438,158.32000732421875,157.38999938964844,158.27310180664062,16761,0.0,0.0,0.0
2023-10-09 14:30:00-04:00,158.2899932861328,158.46290588378906,158.0491943359375,158.2718048095703,25427,0.0,0.0,0.0
2023-10-09 15:30:00-04:00,158.2100067138672,158.2100067138672,157.97000122070312,158.17999267578125,16977,0.0,0.0,0.0
2023-10-10 09:30:00-04:00,158.42999267578125,159.10760498046875,158.1300048828125,159.10760498046875,14252,0.0,0.0,0.0
2023-10-10 10:30:00-04:00,159.11000061035156,159.7637939453125,159.11000061035156,159.71670532226562,20358,0.0,0.0,0.0
2023-10-10 11:30:00-04:00,159.67999267578125,160.0,159.67999267578125,159.85000610351562,22114,0.0,0.0,0.0
2023-10-10 12:30:00-04:00,159.7783966064453,159.8094940185547,158.77000427246094,158.902099609375,26217,0.0,0.0,0.0
2023-10-10 13:30:00-04:00,159.01499938964844,159.21229553222656,158.7899932861328,158.8800048828125,11999,0.0,0.0,0.0
2023-10-10 14:30:00-04:00,158.9600067138672,159.25,158.75999450683594,159.0583038330078,79283,0.0,0.0,0.0
2023-10-10 15:30:00-04:00,159.02000427246094,159.08999633789062,158.7449951171875,158.80999755859375,32845,0.0,0.0,0.0
2023-10-11 09:30:00-04:00,159.4250030517578,159.9499969482422,159.3300018310547,159.55999755859375,21560,0.0,0.0,0.0
2023-10-11 10:30:00-04:00,159.54110717773438,160.08200073242188,159.47000122070312,159.52499389648438,20520,0.0,0.0,0.0
2023-10-11 11:30:00-04:00,159.50999450683594,159.61000061035156,159.13999938964844,159.27999877929688,14204,0.0,0.0,0.0
2023-10-11 12:30:00-04:00,159.35000610351562,159.3800048828125,159.0,159.13999938964844,16087,0.0,0.0,0.0
2023-10-11 13:30:00-04:00,159.05859375,159.75,158.88099670410156,159.75,30173,0.0,0.0,0.0
2023-10-11 14:30:00-04:00,159.5500030517578,159.8800048828125,159.5500030517578,159.8800048828125,21833,0.0,0.0,0.0
2023-10-11 15:30:00-04:00,159.8699951171875,160.30999755859375,159.82090759277344,160.27000427246094,55256,0.0,0.0,0.0
2023-10-12 09:30:00-04:00,160.38999938964844,161.10000610351562,160.19009399414062,160.80999755859375,16720,0.0,0.0,0.0
2023-10-12 10:30:00-04:00,160.77999877929688,161.3000030517578,160.6199951171875,160.98500061035156,46849,0.0,0.0,0.0
2023-10-12 11:30:00-04:00,160.86000061035156,161.27000427246094,160.80999755859375,161.22999572753906,19012,0.0,0.0,0.0
2023-10-12 12:30:00-04:00,161.1743927001953,161.3000030517578,159.8300018310547,159.8300018310547,17184,0.0,0.0,0.0
2023-10-12 13:30:00-04:00,159.80999755859375,159.82000732421875,158.80999755859375,159.3000030517578,0,0.0,0.0,0.0
2023-10-12 14:30:00-04:00,159.25,159.86000061035156,159.25,159.66769409179688,166869,0.0,0.0,0.0
2023-10-12 15:30:00-04:00,159.8800048828125,160.00999450683594,159.77000427246094,159.80999755859375,27142,0.0,0.0,0.0
2023-10-13 09:30:00-04:00,160.25999450683594,160.47999572753906,159.77000427246094,159.827392578125,8636,0.0,0.0,0.0
2023-10-13 10:30:00-04:00,159.625,159.75369262695312,158.2617950439453,158.2617950439453,60622,0.0,0.0,0.0
2023-10-13 11:30:00-04:00,158.42999267578125,158.72000122070312,158.0399932861328,158.72000122070312,18456,0.0,0.0,0.0
2023-10-13 12:30:00-04:00,158.7418975830078,158.83999633789062,157.60000610351562,157.60000610351562,16519,0.0,0.0,0.0
2023-10-13 13:30:00-04:00,157.5800018310547,158.14999389648438,157.50779724121094,157.94009399414062,21503,0.0,0.0,0.0
2023-10-13 14:30:00-04:00,158.0500946044922,158.60960388183594,157.98500061035156,157.98500061035156,28013,0.0,0.0,0.0
2023-10-13 15:30:00-04:00,158.1300048828125,158.17999267578125,157.77999877929688,158.13999938964844,42561,0.0,0.0,0.0
2023-10-16 09:30:00-04:00,158.72999572753906,159.9199981689453,158.60000610351562,159.9199981689453,19337,0.0,0.0,0.0
2023-10-16 10:30:00-04:00,160.00999450683594,160.2100067138672,159.77000427246094,159.94000244140625,50620,0.0,0.0,0.0
2023-10-16 11:30:00-04:00,160.02999877929688,160.0399932861328,159.5399932861328,159.75999450683594,84459,0.0,0.0,0.0
2023-10-16 12:30:00-04:00,159.7550048828125,160.05999755859375,159.02999877929688,159.52000427246094,75858,0.0,0.0,0.0
2023-10-16 13:30:00-04:00,159.5,160.1300048828125,159.5,159.97000122070312,93728,0.0,0.0,0.0
2023-10-16 14:30:00-04:00,159.8800048828125,160.22999572753906,159.80140686035156,160.2100067138672,944837,0.0,0.0,0.0
2023-10-16 15:30:00-04:00,160.25999450683594,160.25999450683594,159.77000427246094,159.77000427246094,1779279,0.0,0.0,0.0
2023-10-17 09:30:00-04:00,158.27000427246094,158.8350067138672,157.35000610351562,158.60000610351562,34194,0.0,0.0,0.0
2023-10-17 10:30:00-04:00,158.6999969482422,159.2100067138672,158.64999389648438,159.139892578125,62296,0.0,0.0,0.0
2023-10-17 11:30:00-04:00,159.17430114746094,159.9788055419922,159.17430114746094,159.9499969482422,279182,0.0,0.0,0.0
2023-10-17 12:30:00-04:00,159.9499969482422,159.97000122070312,159.47000122070312,159.47999572753906,48033,0.0,0.0,0.0
2023-10-17 13:30:00-04:00,159.3699951171875,159.3699951171875,158.806396484375,158.99000549316406,340939,0.0,0.0,0.0
2023-10-17 14:30:00-04:00,158.94000244140625,159.1300048828125,158.55999755859375,158.9600067138672,31359,0.0,0.0,0.0
2023-10-17 15:30:00-04:00,158.97169494628906,159.2899932861328,158.8000030517578,159.27999877929688,37481,0.0,0.0,0.0
2023-10-18 09:30:00-04:00,158.2100067138672,159.00999450683594,158.17999267578125,158.64999389648438,18577,0.0,0.0,0.0
2023-10-18 10:30:00-04:00,158.3699951171875,158.40480041503906,157.77000427246094,158.13999938964844,22375,0.0,0.0,0.0
2023-10-18 11:30:00-04:00,158.22000122070312,158.50999450683594,157.9499969482422,158.0,27415,0.0,0.0,0.0
2023-10-18 12:30:00-04:00,158.0,158.4499969482422,157.52999877929688,158.24000549316406,37753,0.0,0.0,0.0
2023-10-18 13:30:00-04:00,158.08999633789062,158.08999633789062,157.4600067138672,157.7100067138672,21744,0.0,0.0,0.0
2023-10-18 14:30:00-04:00,157.6923065185547,157.88499450683594,157.0,157.0,46307,0.0,0.0,0.0
2023-10-18 15:30:00-04:00,157.02000427246094,157.1199951171875,156.49000549316406,156.9499969482422,66500,0.0,0.0,0.0
2023-10-19 09:30:00-04:00,157.50999450683594,157.7899932861328,156.66000366210938,156.66000366210938,63064,0.0,0.0,0.0
2023-10-19 10:30:00-04:00,156.7899932861328,157.0758056640625,156.3000030517578,156.78990173339844,59564,0.0,0.0,0.0
2023-10-19 11:30:00-04:00,156.7100067138672,158.02000427246094,156.68060302734375,157.02000427246094,63531,0.0,0.0,0.0
2023-10-19 12:30:00-04:00,157.05999755859375,157.77499389648438,155.9499969482422,157.2100067138672,22966,0.0,0.0,0.0
2023-10-19 13:30:00-04:00,157.30299377441406,157.3800048828125,156.46929931640625,156.55999755859375,102596,0.0,0.0,0.0
2023-10-19 14:30:00-04:00,156.55999755859375,156.55999755859375,155.5800018310547,155.74000549316406,62425,0.0,0.0,0.0
2023-10-19 15:30:00-04:00,155.8300018310547,155.96170043945312,155.35000610351562,155.6699981689453,45587,0.0,0.0,0.0
2023-10-20 09:30:00-04:00,155.4499969482422,155.7100067138672,154.3800048828125,154.4600067138672,88656,0.0,0.0,0.0
2023-10-20 10:30:00-04:00,154.3000030517578,154.38999938964844,153.4499969482422,153.52999877929688,36971,0.0,0.0,0.0
2023-10-20 11:30:00-04:00,153.4315948486328,154.1300048828125,153.34129333496094,153.94000244140625,41054,0.0,0.0,0.0
2023-10-20 12:30:00-04:00,153.8800048828125,154.83999633789062,153.8800048828125,154.50999450683594,27542,0.0,0.0,0.0
2023-10-20 13:30:00-04:00,154.49819946289062,154.75,153.89999389648438,153.89999389648438,41881,0.0,0.0,0.0
2023-10-20 14:30:00-04:00,153.89999389648438,154.17999267578125,153.66000366210938,153.7899932861328,41225,0.0,0.0,0.0
2023-10-20 15:30:00-04:00,153.88999938964844,153.93499755859375,153.38999938964844,153.44000244140625,34409,0.0,0.0,0.0
2023-10-23 09:30:00-04:00,153.05999755859375,153.7100067138672,152.0399932861328,153.6300048828125,55053,0.0,0.0,0.0
2023-10-23 10:30:00-04:00,153.52999877929688,154.3800048828125,153.30999755859375,154.25999450683594,37652,0.0,0.0,0.0
2023-10-23 11:30:00-04:00,154.32000732421875,154.77999877929688,154.25999450683594,154.75999450683594,10075,0.0,0.0,0.0
2023-10-23 12:30:00-04:00,154.72999572753906,155.4199981689453,154.66929626464844,154.8699951171875,11137,0.0,0.0,0.0
2023-10-23 13:30:00-04:00,154.7899932861328,155.19000244140625,154.6699981689453,154.8699951171875,14062,0.0,0.0,0.0
2023-10-23 14:30:00-04:00,154.77000427246094,155.0,154.35000610351562,154.39999389648438,44070,0.0,0.0,0.0
2023-10-23 15:30:00-04:00,154.27000427246094,154.38999938964844,153.97999572753906,154.1300048828125,36964,0.0,0.0,0.0
2023-10-24 09:30:00-04:00,154.7899932861328,155.39999389648438,154.6219024658203,155.32000732421875,29374,0.0,0.0,0.0
2023-10-24 10:30:00-04:00,155.3800048828125,155.6999969482422,154.8800048828125,155.04209899902344,22216,0.0,0.0,0.0
2023-10-24 11:30:00-04:00,154.94000244140625,155.08999633789062,154.3800048828125,154.3800048828125,27857,0.0,0.0,0.0
2023-10-24 12:30:00-04:00,154.27000427246094,154.58999633789062,153.94970703125,154.58999633789062,16946,0.0,0.0,0.0
2023-10-24 13:30:00-04:00,154.70359802246094,154.93499755859375,154.58999633789062,154.9199981689453,18824,0.0,0.0,0.0
2023-10-24 14:30:00-04:00,155.0399932861328,155.49000549316406,155.0399932861328,155.42999267578125,15323,0.0,0.0,0.0
2023-10-24 15:30:00-04:00,155.5,155.5749969482422,155.35000610351562,155.47000122070312,39437,0.0,0.0,0.0
2023-10-25 09:30:00-04:00,154.4499969482422,154.57000732421875,153.4199981689453,153.67210388183594,24150,0.0,0.0,0.0
2023-10-25 10:30:00-04:00,153.6750030517578,154.15089416503906,153.5050048828125,153.75999450683594,29766,0.0,0.0,0.0
2023-10-25 11:30:00-04:00,153.8000030517578,153.8000030517578,152.97000122070312,153.2100067138672,14843,0.0,0.0,0.0
2023-10-25 12:30:00-04:00,153.131103515625,153.33999633789062,152.42999267578125,152.42999267578125,30814,0.0,0.0,0.0
2023-10-25 13:30:00-04:00,152.4398956298828,152.54800415039062,152.0399932861328,152.3300018310547,15257,0.0,0.0,0.0
2023-10-25 14:30:00-04:00,152.3800048828125,152.42999267578125,152.05999755859375,152.32699584960938,15614,0.0,0.0,0.0
2023-10-25 15:30:00-04:00,152.47999572753906,152.63409423828125,152.1999969482422,152.25,32930,0.0,0.0,0.0
2023-10-26 09:30:00-04:00,151.7100067138672,152.01199340820312,149.83999633789062,150.3300018310547,71563,0.0,0.0,0.0
2023-10-26 10:30:00-04:00,150.0850067138672,151.0399932861328,149.6300048828125,149.80780029296875,22571,0.0,0.0,0.0
2023-10-26 11:30:00-04:00,149.80999755859375,149.89999389648438,148.72000122070312,148.9990997314453,22149,0.0,0.0,0.0
2023-10-26 12:30:00-04:00,148.9600067138672,149.11500549316406,148.5399932861328,148.75689697265625,21458,0.0,0.0,0.0
2023-10-26 13:30:00-04:00,148.6999969482422,149.5800018310547,148.4499969482422,149.55999755859375,38140,0.0,0.0,0.0
2023-10-26 14:30:00-04:00,149.6300048828125,150.35000610351562,149.62139892578125,149.82000732421875,59515,0.0,0.0,0.0
2023-10-26 15:30:00-04:00,149.66749572753906,149.66749572753906,148.8300018310547,148.97999572753906,67328,0.0,0.0,0.0
2023-10-27 09:30:00-04:00,150.1699981689453,150.72000122070312,149.85000610351562,150.28500366210938,30203,0.0,0.0,0.0
2023-10-27 10:30:00-04:00,150.25,150.97999572753906,149.75,150.86000061035156,45105,0.0,0.0,0.0
2023-10-27 11:30:00-04:00,150.85000610351562,150.85000610351562,150.34500122070312,150.34500122070312,12489,0.0,0.0,0.0
2023-10-27 12:30:00-04:00,150.33450317382812,150.4600067138672,149.36000061035156,149.50999450683594,26066,0.0,0.0,0.0
2023-10-27 13:30:00-04:00,149.41000366210938,149.70809936523438,149.0500030517578,149.08920288085938,39711,0.0,0.0,0.0
2023-10-27 14:30:00-04:00,149.09620666503906,149.6999969482422,149.07420349121094,149.447998046875,39737,0.0,0.0,0.0
2023-10-27 15:30:00-04:00,149.57000732421875,149.72000122070312,149.05380249023438,149.66000366210938,59570,0.0,0.0,0.0
2023-10-30 09:30:00-04:00,150.9199981689453,152.14999389648438,150.77999877929688,150.9499969482422,35863,0.0,0.0,0.0
2023-10-30 10:30:00-04:00,150.92999267578125,151.52999877929688,150.75999450683594,150.97999572753906,44060,0.0,0.0,0.0
2023-10-30 11:30:00-04:00,151.02999877929688,151.5281982421875,151.02000427246094,151.1300048828125,27030,0.0,0.0,0.0
2023-10-30 12:30:00-04:00,151.14199829101562,151.72999572753906,150.8000030517578,151.66000366210938,29883,0.0,0.0,0.0
2023-10-30 13:30:00-04:00,151.75,152.02870178222656,151.57000732421875,151.8000030517578,25711,0.0,0.0,0.0
2023-10-30 14:30:00-04:00,151.84410095214844,152.32000732421875,151.8300018310547,152.13070678710938,34450,0.0,0.0,0.0
2023-10-30 15:30:00-04:00,152.13999938964844,152.2100067138672,151.82000732421875,151.86000061035156,41072,0.0,0.0,0.0
2023-10-31 09:30:00-04:00,151.9499969482422,152.00999450683594,150.77999877929688,151.55999755859375,37690,0.0,0.0,0.0
2023-10-31 10:30:00-04:00,151.38999938964844,151.8096923828125,151.11000061035156,151.2698974609375,27794,0.0,0.0,0.0
2023-10-31 11:30:00-04:00,151.1999969482422,151.5198974609375,151.1999969482422,151.36000061035156,10124,0.0,0.0,0.0
2023-10-31 12:30:00-04:00,151.576904296875,151.92999267578125,151.27000427246094,151.86819458007812,27633,0.0,0.0,0.0
2023-10-31 13:30:00-04:00,151.88949584960938,152.3300018310547,151.85000610351562,152.00999450683594,21301,0.0,0.0,0.0
2023-10-31 14:30:00-04:00,152.05909729003906,152.5399932861328,152.0399932861328,152.3699951171875,36969,0.0,0.0,0.0
2023-10-31 15:30:00-04:00,152.30340576171875,152.52000427246094,152.13999938964844,152.42320251464844,22570,0.0,0.0,0.0
2023-11-01 09:30:00-04:00,152.8300018310547,153.98410034179688,152.8300018310547,153.97340393066406,22507,0.0,0.0,0.0
2023-11-01 10:30:00-04:00,153.9499969482422,154.14010620117188,153.60980224609375,153.61959838867188,36814,0.0,0.0,0.0
2023-11-01 11:30:00-04:00,153.67999267578125,153.90499877929688,153.52999877929688,153.65960693359375,72424,0.0,0.0,0.0
2023-11-01 12:30:00-04:00,153.64999389648438,153.7899932861328,153.3699951171875,153.63999938964844,52704,0.0,0.0,0.0
2023-11-01 13:30:00-04:00,153.49000549316406,153.9499969482422,153.49000549316406,153.8699951171875,165257,0.0,0.0,0.0
2023-11-01 14:30:00-04:00,153.88059997558594,155.10000610351562,153.3800048828125,154.77000427246094,115391,0.0,0.0,0.0
2023-11-01 15:30:00-04:00,154.92999267578125,155.16000366210938,154.8800048828125,154.99000549316406,51410,0.0,0.0,0.0
2023-11-02 09:30:00-04:00,156.8699951171875,157.21290588378906,156.44000244140625,157.1699981689453,44230,0.0,0.0,0.0
2023-11-02 10:30:00-04:00,157.07159423828125,157.4199981689453,156.92999267578125,157.0906982421875,38222,0.0,0.0,0.0
2023-11-02 11:30:00-04:00,157.0800018310547,157.35000610351562,156.94000244140625,157.11000061035156,42325,0.0,0.0,0.0
2023-11-02 12:30:00-04:00,157.08999633789062,157.39830017089844,157.02000427246094,157.3177947998047,23797,0.0,0.0,0.0
2023-11-02 13:30:00-04:00,157.33999633789062,157.63999938964844,157.33999633789062,157.5800018310547,78336,0.0,0.0,0.0
2023-11-02 14:30:00-04:00,157.58999633789062,157.70050048828125,157.49000549316406,157.65919494628906,38854,0.0,0.0,0.0
2023-11-02 15:30:00-04:00,157.63380432128906,157.80999755859375,157.57000732421875,157.72999572753906,34568,0.0,0.0,0.0
2023-11-03 09:30:00-04:00,158.0399932861328,158.75999450683594,157.72000122070312,158.02999877929688,30931,0.0,0.0,0.0
2023-11-03 10:30:00-04:00,158.18699645996094,158.57000732421875,158.0800018310547,158.4237060546875,25580,0.0,0.0,0.0
2023-11-03 11:30:00-04:00,158.52000427246094,159.11000061035156,158.52000427246094,159.0800018310547,27106,0.0,0.0,0.0
2023-11-03 12:30:00-04:00,159.11000061035156,159.1199951171875,158.74000549316406,158.74000549316406,30075,0.0,0.0,0.0
2023-11-03 13:30:00-04:00,158.8699951171875,159.16000366210938,158.78509521484375,159.16000366210938,10710,0.0,0.0,0.0
2023-11-03 14:30:00-04:00,159.1280059814453,159.36000061035156,159.0399932861328,159.0800018310547,34924,0.0,0.0,0.0
2023-11-03 15:30:00-04:00,159.0399932861328,159.11000061035156,158.9199981689453,158.97000122070312,32137,0.0,0.0,0.0
2023-11-06 09:30:00-05:00,159.25,159.9600067138672,159.25,159.8000030517578,21287,0.0,0.0,0.0
2023-11-06 10:30:00-05:00,159.82240295410156,160.1300048828125,159.82240295410156,160.03500366210938,19286,0.0,0.0,0.0
2023-11-06 11:30:00-05:00,159.97250366210938,160.0500030517578,159.66090393066406,159.77000427246094,53652,0.0,0.0,0.0
2023-11-06 12:30:00-05:00,159.76669311523438,159.80999755859375,159.10009765625,159.1999969482422,22719,0.0,0.0,0.0
2023-11-06 13:30:00-05:00,159.25709533691406,159.5,159.19000244140625,159.5,122692,0.0,0.0,0.0
2023-11-06 14:30:00-05:00,159.49000549316406,159.90499877929688,159.47000122070312,159.88999938964844,123827,0.0,0.0,0.0
2023-11-06 15:30:00-05:00,159.8800048828125,160.16000366210938,159.74000549316406,160.16000366210938,20868,0.0,0.0,0.0
2023-11-07 09:30:00-05:00,160.6199951171875,161.22000122070312,160.30999755859375,161.17999267578125,159808,0.0,0.0,0.0
2023-11-07 10:30:00-05:00,161.31790161132812,161.82000732421875,161.24000549316406,161.76919555664062,135844,0.0,0.0,0.0
2023-11-07 11:30:00-05:00,161.75999450683594,161.9149932861328,161.32000732421875,161.49000549316406,124425,0.0,0.0,0.0
2023-11-07 12:30:00-05:00,161.27999877929688,161.9499969482422,161.27999877929688,161.88999938964844,134528,0.0,0.0,0.0
2023-11-07 13:30:00-05:00,161.9199981689453,162.08999633789062,161.8800048828125,162.02000427246094,719026,0.0,0.0,0.0
2023-11-07 14:30:00-05:00,162.07000732421875,162.10000610351562,161.67999267578125,161.94000244140625,1395076,0.0,0.0,0.0
2023-11-07 15:30:00-05:00,161.91000366210938,162.0500030517578,161.47000122070312,161.69000244140625,51005,0.0,0.0,0.0
2023-11-08 09:30:00-05:00,162.0399932861328,162.4499969482422,161.80999755859375,161.82009887695312,40129,0.0,0.0,0.0
2023-11-08 10:30:00-05:00,161.87930297851562,162.1414031982422,161.74000549316406,161.9001007080078,54900,0.0,0.0,0.0
2023-11-08 11:30:00-05:00,161.86590576171875,162.03500366210938,161.35000610351562,161.58009338378906,50239,0.0,0.0,0.0
2023-11-08 12:30:00-05:00,161.57350158691406,162.08999633789062,161.5,162.08999633789062,23706,0.0,0.0,0.0
2023-11-08 13:30:00-05:00,162.1999969482422,162.4449005126953,162.11099243164062,162.4449005126953,112457,0.0,0.0,0.0
2023-11-08 14:30:00-05:00,162.4387969970703,162.4387969970703,162.11000061035156,162.27000427246094,29558,0.0,0.0,0.0
2023-11-08 15:30:00-05:00,162.25999450683594,162.5399932861328,162.17999267578125,162.44000244140625,63490,0.0,0.0,0.0
2023-11-09 09:30:00-05:00,162.63999938964844,162.75,161.97999572753906,162.07000732421875,19887,0.0,0.0,0.0
2023-11-09 10:30:00-05:00,161.96389770507812,162.72000122070312,161.8101043701172,162.6199951171875,16784,0.0,0.0,0.0
2023-11-09 11:30:00-05:00,162.4429931640625,162.85000610351562,162.25,162.28500366210938,31721,0.0,0.0,0.0
2023-11-09 12:30:00-05:00,162.33999633789062,162.51719665527344,161.42999267578125,162.13690185546875,26587,0.0,0.0,0.0
2023-11-09 13:30:00-05:00,162.0124969482422,162.0823974609375,161.20989990234375,161.51010131835938,26471,0.0,0.0,0.0
2023-11-09 14:30:00-05:00,161.49000549316406,161.49000549316406,160.83999633789062,161.02999877929688,23000,0.0,0.0,0.0
2023-11-09 15:30:00-05:00,160.99000549316406,161.10260009765625,160.8699951171875,161.05999755859375,60862,0.0,0.0,0.0
2023-11-10 09:30:00-05:00,161.8000030517578,162.2899932861328,161.58999633789062,161.6999969482422,43148,0.0,0.0,0.0
2023-11-10 10:30:00-05:00,161.75,162.8800048828125,161.63999938964844,162.7100067138672,19635,0.0,0.0,0.0
2023-11-10 11:30:00-05:00,162.72000122070312,163.2100067138672,162.64500427246094,163.13999938964844,13830,0.0,0.0,0.0
2023-11-10 12:30:00-05:00,163.18690490722656,163.77000427246094,163.18499755859375,163.75,32716,0.0,0.0,0.0
2023-11-10 13:30:00-05:00,163.72349548339844,164.08770751953125,163.72349548339844,164.07749938964844,16585,0.0,0.0,0.0
2023-11-10 14:30:00-05:00,164.06419372558594,164.1822967529297,163.95230102539062,164.17999267578125,31097,0.0,0.0,0.0
2023-11-10 15:30:00-05:00,164.25999450683594,164.4499969482422,164.17999267578125,164.36000061035156,39830,0.0,0.0,0.0
2023-11-13 09:30:00-05:00,163.82000732421875,163.82000732421875,163.05999755859375,163.67999267578125,18992,0.0,0.0,0.0
2023-11-13 10:30:00-05:00,163.69000244140625,164.22999572753906,163.69000244140625,164.22999572753906,26096,0.0,0.0,0.0
2023-11-13 11:30:00-05:00,164.22999572753906,164.61000061035156,164.1199951171875,164.25,69428,0.0,0.0,0.0
2023-11-13 12:30:00-05:00,164.1999969482422,164.37139892578125,164.05999755859375,164.32989501953125,30582,0.0,0.0,0.0
2023-11-13 13:30:00-05:00,164.15499877929688,164.59950256347656,164.1199951171875,164.59950256347656,35965,0.0,0.0,0.0
2023-11-13 14:30:00-05:00,164.59010314941406,164.61900329589844,164.29100036621094,164.4407958984375,17954,0.0,0.0,0.0
2023-11-13 15:30:00-05:00,164.3800048828125,164.41000366210938,164.11000061035156,164.1199951171875,26887,0.0,0.0,0.0
2023-11-14 09:30:00-05:00,166.57000732421875,167.27000427246094,166.3459930419922,167.04949951171875,36684,0.0,0.0,0.0
2023-11-14 10:30:00-05:00,167.32000732421875,167.41000366210938,167.02609252929688,167.05079650878906,17869,0.0,0.0,0.0
2023-11-14 11:30:00-05:00,167.1300048828125,167.2263946533203,166.6699981689453,166.78500366210938,30324,0.0,0.0,0.0
2023-11-14 12:30:00-05:00,166.84500122070312,167.23989868164062,166.84500122070312,167.22000122070312,23045,0.0,0.0,0.0
2023-11-14 13:30:00-05:00,167.22999572753906,167.24000549316406,166.61000061035156,167.0,70909,0.0,0.0,0.0
2023-11-14 14:30:00-05:00,167.13999938964844,167.59629821777344,167.13999938964844,167.50999450683594,23612,0.0,0.0,0.0
2023-11-14 15:30:00-05:00,167.5164031982422,167.5384979248047,166.89999389648438,167.1300048828125,24985,0.0,0.0,0.0
2023-11-15 09:30:00-05:00,167.75,167.92999267578125,167.10000610351562,167.44749450683594,29694,0.0,0.0,0.0
2023-11-15 10:30:00-05:00,167.40890502929688,167.69500732421875,167.25,167.5800018310547,97879,0.0,0.0,0.0
2023-11-15 11:30:00-05:00,167.49009704589844,167.50999450683594,166.8800048828125,167.1300048828125,33739,0.0,0.0,0.0
2023-11-15 12:30:00-05:00,167.08999633789062,167.16000366210938,166.36000061035156,166.89999389648438,23029,0.0,0.0,0.0
2023-11-15 13:30:00-05:00,166.82000732421875,167.27000427246094,166.82000732421875,167.22000122070312,32771,0.0,0.0,0.0
2023-11-15 14:30:00-05:00,167.3000030517578,167.38999938964844,166.9600067138672,167.077392578125,27099,0.0,0.0,0.0
2023-11-15 15:30:00-05:00,167.10000610351562,167.22999572753906,166.8800048828125,166.97000122070312,26061,0.0,0.0,0.0
2023-11-16 09:30:00-05:00,166.8800048828125,167.8699951171875,166.6699981689453,167.63999938964844,41310,0.0,0.0,0.0
2023-11-16 10:30:00-05:00,167.6699981689453,167.74000549316406,166.89999389648438,166.91000366210938,46750,0.0,0.0,0.0
2023-11-16 11:30:00-05:00,166.8800048828125,167.5399932861328,166.77000427246094,167.5399932861328,33205,0.0,0.0,0.0
2023-11-16 12:30:00-05:00,167.47000122070312,167.74000549316406,167.24000549316406,167.4499969482422,54191,0.0,0.0,0.0
2023-11-16 13:30:00-05:00,167.47999572753906,167.47999572753906,167.10000610351562,167.25,18724,0.0,0.0,0.0
2023-11-16 14:30:00-05:00,167.25999450683594,167.57000732421875,167.25999450683594,167.44000244140625,21259,0.0,0.0,0.0
2023-11-16 15:30:00-05:00,167.42999267578125,167.7677001953125,167.42999267578125,167.74000549316406,67405,0.0,0.0,0.0
2023-11-17 09:30:00-05:00,167.61000061035156,167.61000061035156,166.89999389648438,167.2550048828125,22178,0.0,0.0,0.0
2023-11-17 10:30:00-05:00,167.26220703125,167.26220703125,166.78439331054688,167.13250732421875,21058,0.0,0.0,0.0
2023-11-17 11:30:00-05:00,167.1248016357422,167.4116973876953,166.99420166015625,167.14999389648438,22030,0.0,0.0,0.0
2023-11-17 12:30:00-05:00,167.1999969482422,167.57000732421875,167.1999969482422,167.57000732421875,12768,0.0,0.0,0.0
2023-11-17 13:30:00-05:00,167.57449340820312,167.79989624023438,167.4600067138672,167.6199951171875,26200,0.0,0.0,0.0
2023-11-17 14:30:00-05:00,167.59109497070312,167.77000427246094,167.4499969482422,167.58999633789062,24378,0.0,0.0,0.0
2023-11-17 15:30:00-05:00,167.55999755859375,167.60000610351562,167.17999267578125,167.4499969482422,61846,0.0,0.0,0.0
2023-11-20 09:30:00-05:00,167.47000122070312,168.52000427246094,167.42999267578125,168.05999755859375,36471,0.0,0.0,0.0
2023-11-20 10:30:00-05:00,168.1300048828125,168.58999633789062,167.9499969482422,168.47000122070312,35162,0.0,0.0,0.0
2023-11-20 11:30:00-05:00,168.54400634765625,168.77000427246094,168.44639587402344,168.67999267578125,14831,0.0,0.0,0.0
2023-11-20 12:30:00-05:00,168.66000366210938,169.14999389648438,168.5800018310547,169.11000061035156,41448,0.0,0.0,0.0
2023-11-20 13:30:00-05:00,169.11700439453125,169.17990112304688,169.0,169.16000366210938,26958,0.0,0.0,0.0
2023-11-20 14:30:00-05:00,169.14999389648438,169.55999755859375,169.13999938964844,169.5198974609375,52769,0.0,0.0,0.0
2023-11-20 15:30:00-05:00,169.49000549316406,169.50999450683594,169.13999938964844,169.24000549316406,41705,0.0,0.0,0.0
2023-11-21 09:30:00-05:00,168.58999633789062,168.86929321289062,167.9600067138672,167.9600067138672,50717,0.0,0.0,0.0
2023-11-21 10:30:00-05:00,168.01499938964844,168.2760009765625,167.94000244140625,168.14999389648438,52082,0.0,0.0,0.0
2023-11-21 11:30:00-05:00,168.17999267578125,168.5800018310547,168.0749969482422,168.52999877929688,18610,0.0,0.0,0.0
2023-11-21 12:30:00-05:00,168.57000732421875,168.75999450683594,168.25999450683594,168.37249755859375,93944,0.0,0.0,0.0
2023-11-21 13:30:00-05:00,168.38999938964844,168.75999450683594,168.33999633789062,168.59950256347656,71453,0.0,0.0,0.0
2023-11-21 14:30:00-05:00,168.61000061035156,168.80999755859375,168.50999450683594,168.72000122070312,22036,0.0,0.0,0.0
2023-11-21 15:30:00-05:00,168.75999450683594,168.8000030517578,168.5404052734375,168.8000030517578,29904,0.0,0.0,0.0
2023-11-22 09:30:00-05:00,169.63999938964844,170.5500030517578,169.0,169.33999633789062,41294,0.0,0.0,0.0
2023-11-22 10:30:00-05:00,169.49000549316406,169.79330444335938,169.19000244140625,169.4199981689453,21167,0.0,0.0,0.0
2023-11-22 11:30:00-05:00,169.54580688476562,169.85000610351562,169.46270751953125,169.77999877929688,69210,0.0,0.0,0.0
2023-11-22 12:30:00-05:00,169.58999633789062,169.889892578125,169.47999572753906,169.84649658203125,14636,0.0,0.0,0.0
2023-11-22 13:30:00-05:00,169.9199981689453,169.92999267578125,169.75,169.7899932861328,29425,0.0,0.0,0.0
2023-11-22 14:30:00-05:00,169.75999450683594,169.75999450683594,169.10000610351562,169.50999450683594,29372,0.0,0.0,0.0
2023-11-22 15:30:00-05:00,169.50999450683594,169.57989501953125,169.44000244140625,169.4600067138672,19863,0.0,0.0,0.0
2023-11-24 09:30:00-05:00,169.25,169.5,168.76499938964844,168.80999755859375,29379,0.0,0.0,0.0
2023-11-24 10:30:00-05:00,168.7899932861328,168.97999572753906,168.77000427246094,168.9199981689453,23481,0.0,0.0,0.0
2023-11-24 11:30:00-05:00,168.91000366210938,169.0500030517578,168.89999389648438,169.0399932861328,11034,0.0,0.0,0.0
2023-11-27 09:30:00-05:00,168.88999938964844,169.39999389648438,168.88999938964844,169.12890625,40289,0.0,0.0,0.0
2023-11-27 10:30:00-05:00,169.0800018310547,169.3300018310547,168.9149932861328,169.08999633789062,113575,0.0,0.0,0.0
2023-11-27 11:30:00-05:00,169.11000061035156,169.57000732421875,169.07000732421875,169.5050048828125,32256,0.0,0.0,0.0
2023-11-27 12:30:00-05:00,169.49000549316406,169.77830505371094,169.45010375976562,169.5800018310547,58406,0.0,0.0,0.0
2023-11-27 13:30:00-05:00,169.5800018310547,169.61000061035156,169.293701171875,169.293701171875,68210,0.0,0.0,0.0
2023-11-27 14:30:00-05:00,169.2899932861328,169.2899932861328,168.95199584960938,169.22999572753906,12492,0.0,0.0,0.0
2023-11-27 15:30:00-05:00,169.27000427246094,169.3800048828125,168.88999938964844,168.9600067138672,38855,0.0,0.0,0.0
2023-11-28 09:30:00-05:00,168.63999938964844,169.05999755859375,168.47999572753906,168.88999938964844,213852,0.0,0.0,0.0
2023-11-28 10:30:00-05:00,168.7899932861328,169.35000610351562,168.68499755859375,169.32000732421875,76258,0.0,0.0,0.0
2023-11-28 11:30:00-05:00,169.41650390625,169.6999969482422,169.39999389648438,169.42999267578125,23338,0.0,0.0,0.0
2023-11-28 12:30:00-05:00,169.2655029296875,169.30999755859375,168.73480224609375,169.05999755859375,25803,0.0,0.0,0.0
2023-11-28 13:30:00-05:00,168.99000549316406,169.1490020751953,168.94000244140625,169.0,19939,0.0,0.0,0.0
2023-11-28 14:30:00-05:00,168.88999938964844,169.2799072265625,168.85009765625,168.9600067138672,34348,0.0,0.0,0.0
2023-11-28 15:30:00-05:00,169.03500366210938,169.52000427246094,169.0,169.4499969482422,40454,0.0,0.0,0.0
2023-11-29 09:30:00-05:00,170.3000030517578,170.6699981689453,169.52000427246094,169.66000366210938,163159,0.0,0.0,0.0
2023-11-29 10:30:00-05:00,169.6300048828125,169.9499053955078,169.0301055908203,169.0301055908203,21843,0.0,0.0,0.0
2023-11-29 11:30:00-05:00,169.14999389648438,169.47999572753906,169.01390075683594,169.47000122070312,12412,0.0,0.0,0.0
2023-11-29 12:30:00-05:00,169.5399932861328,169.6300048828125,169.3300018310547,169.49000549316406,23870,0.0,0.0,0.0
2023-11-29 13:30:00-05:00,169.47000122070312,169.48350524902344,169.1999969482422,169.3383026123047,31629,0.0,0.0,0.0
2023-11-29 14:30:00-05:00,169.2899932861328,169.3000030517578,168.82000732421875,168.8699951171875,31466,0.0,0.0,0.0
2023-11-29 15:30:00-05:00,168.86000061035156,168.97000122070312,168.81500244140625,168.91000366210938,39444,0.0,0.0,0.0
2023-11-30 09:30:00-05:00,169.14999389648438,169.279296875,168.22000122070312,168.37840270996094,23152,0.0,0.0,0.0
2023-11-30 10:30:00-05:00,168.35159301757812,168.5500030517578,167.88999938964844,167.99000549316406,29045,0.0,0.0,0.0
2023-11-30 11:30:00-05:00,167.92999267578125,168.00799560546875,167.66000366210938,167.764404296875,19030,0.0,0.0,0.0
2023-11-30 12:30:00-05:00,167.8195037841797,168.02000427246094,167.60000610351562,167.60000610351562,26628,0.0,0.0,0.0
2023-11-30 13:30:00-05:00,167.56210327148438,167.9552001953125,167.50999450683594,167.91000366210938,16865,0.0,0.0,0.0
2023-11-30 14:30:00-05:00,167.80389404296875,168.2530059814453,167.65899658203125,167.8000030517578,32800,0.0,0.0,0.0
2023-11-30 15:30:00-05:00,167.7899932861328,168.94000244140625,167.7899932861328,168.77999877929688,40616,0.0,0.0,0.0
2023-12-01 09:30:00-05:00,168.35000610351562,168.625,167.89999389648438,167.93310546875,53186,0.0,0.0,0.0
2023-12-01 10:30:00-05:00,167.8699951171875,168.74000549316406,167.75999450683594,168.57000732421875,83337,0.0,0.0,0.0
2023-12-01 11:30:00-05:00,168.57000732421875,169.08999633789062,168.38999938964844,169.08999633789062,125566,0.0,0.0,0.0
2023-12-01 12:30:00-05:00,169.1199951171875,169.4149932861328,168.94000244140625,168.94000244140625,45344,0.0,0.0,0.0
2023-12-01 13:30:00-05:00,168.9199981689453,169.09759521484375,168.74000549316406,169.05999755859375,47506,0.0,0.0,0.0
2023-12-01 14:30:00-05:00,169.05999755859375,169.22000122070312,168.92999267578125,169.13999938964844,65524,0.0,0.0,0.0
2023-12-01 15:30:00-05:00,169.1699981689453,169.2174072265625,168.92999267578125,169.05999755859375,60444,0.0,0.0,0.0
2023-12-04 09:30:00-05:00,167.6199951171875,167.6199951171875,166.41000366210938,166.4199981689453,38719,0.0,0.0,0.0
2023-12-04 10:30:00-05:00,166.4199981689453,166.6092071533203,166.13999938964844,166.6092071533203,37109,0.0,0.0,0.0
2023-12-04 11:30:00-05:00,166.6199951171875,167.3000030517578,166.57000732421875,167.25869750976562,60385,0.0,0.0,0.0
2023-12-04 12:30:00-05:00,167.30999755859375,167.49000549316406,167.10000610351562,167.10000610351562,34569,0.0,0.0,0.0
2023-12-04 13:30:00-05:00,167.05999755859375,167.24560546875,166.82310485839844,167.0800018310547,132581,0.0,0.0,0.0
2023-12-04 14:30:00-05:00,167.1199951171875,167.2626953125,166.9698944091797,167.14999389648438,65006,0.0,0.0,0.0
2023-12-04 15:30:00-05:00,167.2324981689453,167.6199951171875,167.17999267578125,167.4499969482422,27110,0.0,0.0,0.0
2023-12-05 09:30:00-05:00,166.88999938964844,168.64999389648438,166.88999938964844,168.1699981689453,53076,0.0,0.0,0.0
2023-12-05 10:30:00-05:00,168.25999450683594,169.0283966064453,168.02999877929688,168.19000244140625,212399,0.0,0.0,0.0
2023-12-05 11:30:00-05:00,168.1999969482422,168.3699951171875,167.69000244140625,168.32000732421875,300245,0.0,0.0,0.0
2023-12-05 12:30:00-05:00,168.33999633789062,168.35000610351562,167.75999450683594,168.1999969482422,345167,0.0,0.0,0.0
2023-12-05 13:30:00-05:00,168.17999267578125,168.41360473632812,167.99000549316406,168.32000732421875,553740,0.0,0.0,0.0
2023-12-05 14:30:00-05:00,168.3498992919922,168.52830505371094,168.10000610351562,168.4499969482422,1888240,0.0,0.0,0.0
2023-12-05 15:30:00-05:00,168.42999267578125,168.58999633789062,168.2899932861328,168.58999633789062,64161,0.0,0.0,0.0
2023-12-06 09:30:00-05:00,169.52000427246094,169.52000427246094,168.22000122070312,168.2899932861328,35913,0.0,0.0,0.0
2023-12-06 10:30:00-05:00,168.42999267578125,168.74000549316406,168.41250610351562,168.46820068359375,43572,0.0,0.0,0.0
2023-12-06 11:30:00-05:00,168.42999267578125,168.56959533691406,168.0800018310547,168.3699951171875,30031,0.0,0.0,0.0
2023-12-06 12:30:00-05:00,168.33999633789062,168.60000610351562,167.97999572753906,168.25999450683594,28700,0.0,0.0,0.0
2023-12-06 13:30:00-05:00,168.2736053466797,168.3699951171875,168.0601043701172,168.17999267578125,27503,0.0,0.0,0.0
2023-12-06 14:30:00-05:00,168.14999389648438,168.36000061035156,167.7100067138672,167.80990600585938,61451,0.0,0.0,0.0
2023-12-06 15:30:00-05:00,167.7899932861328,167.91729736328125,167.47000122070312,167.6199951171875,61271,0.0,0.0,0.0
2023-12-07 09:30:00-05:00,168.64999389648438,169.3970947265625,168.55999755859375,169.3778076171875,37109,0.0,0.0,0.0
2023-12-07 10:30:00-05:00,169.38999938964844,169.4499969482422,168.7899932861328,169.0749969482422,28854,0.0,0.0,0.0
2023-12-07 11:30:00-05:00,169.13999938964844,169.89999389648438,169.13999938964844,169.83419799804688,16847,0.0,0.0,0.0
2023-12-07 12:30:00-05:00,169.8699951171875,169.8800048828125,169.55999755859375,169.67999267578125,31369,0.0,0.0,0.0
2023-12-07 13:30:00-05:00,169.6221923828125,169.91000366210938,169.57229614257812,169.8300018310547,25178,0.0,0.0,0.0
2023-12-07 14:30:00-05:00,169.8699951171875,169.8699951171875,169.6199951171875,169.8000030517578,23450,0.0,0.0,0.0
2023-12-07 15:30:00-05:00,169.77000427246094,169.82000732421875,169.6199951171875,169.77000427246094,42607,0.0,0.0,0.0
2023-12-08 09:30:00-05:00,169.22549438476562,170.5,169.1300048828125,170.37899780273438,44947,0.0,0.0,0.0
2023-12-08 10:30:00-05:00,170.24659729003906,170.46359252929688,169.7100067138672,169.89500427246094,26147,0.0,0.0,0.0
2023-12-08 11:30:00-05:00,169.96499633789062,170.0399932861328,169.493896484375,169.95989990234375,16682,0.0,0.0,0.0
2023-12-08 12:30:00-05:00,170.07989501953125,170.27000427246094,169.94000244140625,170.2689971923828,12917,0.0,0.0,0.0
2023-12-08 13:30:00-05:00,170.25,170.53939819335938,170.13999938964844,170.52999877929688,25103,0.0,0.0,0.0
2023-12-08 14:30:00-05:00,170.52000427246094,170.75999450683594,170.4600067138672,170.63999938964844,72747,0.0,0.0,0.0
2023-12-08 15:30:00-05:00,170.63999938964844,170.75999450683594,170.60000610351562,170.60000610351562,41549,0.0,0.0,0.0
2023-12-11 09:30:00-05:00,169.80999755859375,170.15499877929688,169.49000549316406,169.80999755859375,29334,0.0,0.0,0.0
2023-12-11 10:30:00-05:00,169.64999389648438,170.1898956298828,169.55499267578125,169.69000244140625,15577,0.0,0.0,0.0
2023-12-11 11:30:00-05:00,169.6898956298828,169.86000061035156,169.39999389648438,169.83999633789062,14930,0.0,0.0,0.0
2023-12-11 12:30:00-05:00,169.8759002685547,170.3000030517578,169.80999755859375,170.2375946044922,11715,0.0,0.0,0.0
2023-12-11 13:30:00-05:00,170.27000427246094,170.48199462890625,170.24729919433594,170.42999267578125,23423,0.0,0.0,0.0
2023-12-11 14:30:00-05:00,170.44500732421875,170.4499969482422,170.2895965576172,170.2895965576172,40920,0.0,0.0,0.0
2023-12-11 15:30:00-05:00,170.27999877929688,170.61000061035156,170.27999877929688,170.55999755859375,27666,0.0,0.0,0.0
2023-12-12 09:30:00-05:00,170.27999877929688,170.90499877929688,170.05340576171875,170.72000122070312,23208,0.0,0.0,0.0
2023-12-12 10:30:00-05:00,170.69000244140625,171.10499572753906,170.6719970703125,170.9803924560547,33530,0.0,0.0,0.0
2023-12-12 11:30:00-05:00,170.97439575195312,171.0800018310547,170.7794952392578,170.97999572753906,19530,0.0,0.0,0.0
2023-12-12 12:30:00-05:00,171.08999633789062,171.18789672851562,170.91700744628906,171.1074981689453,13641,0.0,0.0,0.0
2023-12-12 13:30:00-05:00,171.0500030517578,171.40989685058594,171.0500030517578,171.3679962158203,38709,0.0,0.0,0.0
2023-12-12 14:30:00-05:00,171.41009521484375,171.76730346679688,171.40420532226562,171.72999572753906,20576,0.0,0.0,0.0
2023-12-12 15:30:00-05:00,171.75999450683594,171.86990356445312,171.61000061035156,171.85000610351562,28430,0.0,0.0,0.0
2023-12-13 09:30:00-05:00,172.25,172.77349853515625,172.22000122070312,172.4488983154297,21252,0.0,0.0,0.0
2023-12-13 10:30:00-05:00,172.5137939453125,172.6699981689453,172.2700958251953,172.2700958251953,29597,0.0,0.0,0.0
2023-12-13 11:30:00-05:00,172.39120483398438,172.42999267578125,172.15499877929688,172.28500366210938,12092,0.0,0.0,0.0
2023-12-13 12:30:00-05:00,172.22999572753906,172.25,172.04119873046875,172.0998992919922,25773,0.0,0.0,0.0
2023-12-13 13:30:00-05:00,172.0500030517578,173.3300018310547,172.04989624023438,173.16000366210938,50486,0.0,0.0,0.0
2023-12-13 14:30:00-05:00,173.1092071533203,174.0500030517578,172.8699951171875,173.23989868164062,61454,0.0,0.0,0.0
2023-12-13 15:30:00-05:00,173.1300048828125,173.77999877929688,173.05999755859375,173.75,41548,0.0,0.0,0.0
2023-12-14 09:30:00-05:00,174.1999969482422,174.35000610351562,173.13999938964844,173.13999938964844,33690,0.0,0.0,0.0
2023-12-14 10:30:00-05:00,173.13999938964844,173.47999572753906,172.9199981689453,173.0800018310547,95216,0.0,0.0,0.0
2023-12-14 11:30:00-05:00,173.14999389648438,173.4425048828125,172.86300659179688,173.4281005859375,16645,0.0,0.0,0.0
2023-12-14 12:30:00-05:00,173.41000366210938,173.48260498046875,172.19000244140625,172.25250244140625,19394,0.0,0.0,0.0
2023-12-14 13:30:00-05:00,172.27999877929688,172.6699981689453,171.6544952392578,172.63999938964844,29963,0.0,0.0,0.0
2023-12-14 14:30:00-05:00,172.64999389648438,172.8699951171875,172.55999755859375,172.75999450683594,20505,0.0,0.0,0.0
2023-12-14 15:30:00-05:00,172.7899932861328,173.02999877929688,172.67010498046875,173.02999877929688,25935,0.0,0.0,0.0
2023-12-15 09:30:00-05:00,172.86000061035156,173.8300018310547,172.82000732421875,173.8000030517578,56446,0.0,0.0,0.0
2023-12-15 10:30:00-05:00,173.86000061035156,173.94000244140625,173.5800018310547,173.88999938964844,237971,0.0,0.0,0.0
2023-12-15 11:30:00-05:00,173.89999389648438,174.0,173.6300048828125,173.91000366210938,73747,0.0,0.0,0.0
2023-12-15 12:30:00-05:00,173.9199981689453,173.9199981689453,173.44000244140625,173.7100067138672,28799,0.0,0.0,0.0
2023-12-15 13:30:00-05:00,173.77000427246094,173.7949981689453,173.1699981689453,173.4199981689453,47874,0.0,0.0,0.0
2023-12-15 14:30:00-05:00,173.41000366210938,173.8498992919922,173.41000366210938,173.78399658203125,18991,0.0,0.0,0.0
2023-12-15 15:30:00-05:00,173.72000122070312,174.17999267578125,173.5800018310547,173.5800018310547,39402,0.0,0.0,0.0
2023-12-18 09:30:00-05:00,174.0399932861328,174.9499969482422,173.97999572753906,174.9199981689453,51994,0.0,0.0,0.0
2023-12-18 10:30:00-05:00,174.92999267578125,174.92999267578125,174.42999267578125,174.74609375,20161,0.0,0.0,0.0
2023-12-18 11:30:00-05:00,174.75,175.11199951171875,174.75,174.97000122070312,23404,0.0,0.0,0.0
2023-12-18 12:30:00-05:00,175.0727996826172,175.26010131835938,174.91799926757812,175.2364959716797,21865,0.0,0.0,0.0
2023-12-18 13:30:00-05:00,175.2899932861328,175.47360229492188,175.1699981689453,175.3253936767578,21356,0.0,0.0,0.0
2023-12-18 14:30:00-05:00,175.31399536132812,175.47000122070312,175.22000122070312,175.4499969482422,46406,0.0,0.0,0.0
2023-12-18 15:30:00-05:00,175.42909240722656,175.43499755859375,175.10000610351562,175.10000610351562,22991,0.0,0.0,0.0
2023-12-19 09:30:00-05:00,175.2100067138672,175.64999389648438,175.08999633789062,175.585693359375,34360,0.0,0.0,0.0
2023-12-19 10:30:00-05:00,175.74000549316406,175.80999755859375,175.36000061035156,175.67999267578125,28790,0.0,0.0,0.0
2023-12-19 11:30:00-05:00,175.6501007080078,175.7899932861328,175.33999633789062,175.4261016845703,15201,0.0,0.0,0.0
2023-12-19 12:30:00-05:00,175.4600067138672,175.589599609375,175.33999633789062,175.47999572753906,25809,0.0,0.0,0.0
2023-12-19 13:30:00-05:00,175.52999877929688,175.66000366210938,175.42999267578125,175.64540100097656,18335,0.0,0.0,0.0
2023-12-19 14:30:00-05:00,175.63999938964844,175.664794921875,175.44000244140625,175.51429748535156,36563,0.0,0.0,0.0
2023-12-19 15:30:00-05:00,175.52999877929688,175.86380004882812,175.50999450683594,175.85000610351562,22887,0.0,0.0,0.0
2023-12-20 09:30:00-05:00,175.44000244140625,176.1833953857422,175.35000610351562,176.12399291992188,21992,0.0,0.0,0.0
2023-12-20 10:30:00-05:00,176.17349243164062,176.2899932861328,175.89869689941406,175.95599365234375,28861,0.0,0.0,0.0
2023-12-20 11:30:00-05:00,175.94000244140625,176.07000732421875,175.87530517578125,176.01669311523438,21175,0.0,0.0,0.0
2023-12-20 12:30:00-05:00,176.0050048828125,176.22999572753906,175.89999389648438,176.19500732421875,16206,0.0,0.0,0.0
2023-12-20 13:30:00-05:00,176.2050018310547,176.24000549316406,175.7100067138672,175.74000549316406,28924,0.0,0.0,0.0
2023-12-20 14:30:00-05:00,175.68870544433594,175.68870544433594,173.58999633789062,173.63999938964844,65353,0.0,0.0,0.0
2023-12-20 15:30:00-05:00,173.77999877929688,174.02000427246094,173.22999572753906,173.22999572753906,46979,0.0,0.0,0.0
2023-12-21 09:30:00-05:00,174.67999267578125,175.05999755859375,174.10000610351562,174.44000244140625,23317,0.0,0.0,0.0
2023-12-21 10:30:00-05:00,174.36520385742188,174.52999877929688,174.14999389648438,174.38999938964844,26300,0.0,0.0,0.0
2023-12-21 11:30:00-05:00,174.4199981689453,174.57000732421875,173.80999755859375,173.82949829101562,48336,0.0,0.0,0.0
2023-12-21 12:30:00-05:00,173.9600067138672,174.0800018310547,173.5749969482422,174.0449981689453,12457,0.0,0.0,0.0
2023-12-21 13:30:00-05:00,174.08999633789062,174.33999633789062,173.94000244140625,174.1999969482422,27731,0.0,0.0,0.0
2023-12-21 14:30:00-05:00,174.19000244140625,174.72000122070312,174.14999389648438,174.7100067138672,34927,0.0,0.0,0.0
2023-12-21 15:30:00-05:00,174.72000122070312,175.10800170898438,174.6999969482422,175.0,27165,0.0,0.0,0.0
2023-12-22 09:30:00-05:00,175.11000061035156,175.66000366210938,175.11000061035156,175.57000732421875,23056,0.0,0.0,0.0
2023-12-22 10:30:00-05:00,175.59390258789062,175.59390258789062,175.00999450683594,175.22999572753906,71598,0.0,0.0,0.0
2023-12-22 11:30:00-05:00,175.27000427246094,175.33990478515625,174.9499969482422,175.0800018310547,17883,0.0,0.0,0.0
2023-12-22 12:30:00-05:00,175.1240997314453,175.39959716796875,175.10000610351562,175.3300018310547,15205,0.0,0.0,0.0
2023-12-22 13:30:00-05:00,175.36000061035156,175.36000061035156,174.39999389648438,174.5,28587,0.0,0.0,0.0
2023-12-22 14:30:00-05:00,174.36000061035156,175.16000366210938,174.2899932861328,175.1376953125,32556,0.0,0.0,0.0
2023-12-22 15:30:00-05:00,175.0500946044922,175.0500946044922,174.8300018310547,175.0399932861328,27412,0.0,0.0,0.0
2023-12-26 09:30:00-05:00,175.05999755859375,175.60000610351562,175.05999755859375,175.3300018310547,15887,0.0,0.0,0.0
2023-12-26 10:30:00-05:00,175.4199981689453,175.5240020751953,175.19000244140625,175.21389770507812,14316,0.0,0.0,0.0
2023-12-26 11:30:00-05:00,175.30499267578125,175.41000366210938,175.28500366210938,175.30270385742188,37947,0.0,0.0,0.0
2023-12-26 12:30:00-05:00,175.25999450683594,175.39999389648438,175.24000549316406,175.32000732421875,11253,0.0,0.0,0.0
2023-12-26 13:30:00-05:00,175.33999633789062,175.3885955810547,175.22000122070312,175.34950256347656,18368,0.0,0.0,0.0
2023-12-26 14:30:00-05:00,175.41000366210938,175.77000427246094,175.3699951171875,175.6699981689453,21393,0.0,0.0,0.0
2023-12-26 15:30:00-05:00,175.6790008544922,175.72999572753906,175.375,175.4499969482422,29383,0.0,0.0,0.0
2023-12-27 09:30:00-05:00,175.5800018310547,175.851806640625,175.25,175.3800048828125,29944,0.0,0.0,0.0
2023-12-27 10:30:00-05:00,175.3800048828125,175.3800048828125,175.1999969482422,175.36000061035156,29094,0.0,0.0,0.0
2023-12-27 11:30:00-05:00,175.34500122070312,175.5800018310547,175.34500122070312,175.5500030517578,14283,0.0,0.0,0.0
2023-12-27 12:30:00-05:00,175.58999633789062,175.89999389648438,175.41720581054688,175.7100067138672,52037,0.0,0.0,0.0
2023-12-27 13:30:00-05:00,175.72000122070312,175.82000732421875,175.30999755859375,175.5800018310547,101893,0.0,0.0,0.0
2023-12-27 14:30:00-05:00,175.60569763183594,175.60569763183594,175.36000061035156,175.47999572753906,24680,0.0,0.0,0.0
2023-12-27 15:30:00-05:00,175.4835968017578,175.75999450683594,175.3780059814453,175.7100067138672,40153,0.0,0.0,0.0
2023-12-28 09:30:00-05:00,176.0399932861328,176.4199981689453,175.8000030517578,176.0449981689453,27633,0.0,0.0,0.0
2023-12-28 10:30:00-05:00,176.05999755859375,176.2794952392578,175.85000610351562,175.91490173339844,24873,0.0,0.0,0.0
2023-12-28 11:30:00-05:00,175.92999267578125,176.08999633789062,175.9199981689453,176.02420043945312,15360,0.0,0.0,0.0
2023-12-28 12:30:00-05:00,176.00999450683594,176.19000244140625,175.8800048828125,176.0699005126953,24725,0.0,0.0,0.0
2023-12-28 13:30:00-05:00,176.1199951171875,176.2100067138672,175.97000122070312,176.14950561523438,21869,0.0,0.0,0.0
2023-12-28 14:30:00-05:00,176.1300048828125,176.17010498046875,175.80499267578125,175.88999938964844,52252,0.0,0.0,0.0
2023-12-28 15:30:00-05:00,175.8800048828125,175.99000549316406,175.63999938964844,175.7899932861328,61893,0.0,0.0,0.0
2023-12-29 09:30:00-05:00,175.83999633789062,176.01150512695312,175.7899932861328,175.9199981689453,28520,0.0,0.0,0.0
2023-12-29 10:30:00-05:00,175.88999938964844,175.88999938964844,174.41000366210938,174.42010498046875,21659,0.0,0.0,0.0
2023-12-29 11:30:00-05:00,174.38999938964844,174.8188934326172,174.3000030517578,174.3470001220703,29066,0.0,0.0,0.0
2023-12-29 12:30:00-05:00,174.3636016845703,175.07000732421875,174.3636016845703,174.83999633789062,21817,0.0,0.0,0.0
2023-12-29 13:30:00-05:00,174.98500061035156,175.2899932861328,174.9199981689453,175.10299682617188,15755,0.0,0.0,0.0
2023-12-29 14:30:00-05:00,175.1782989501953,175.38999938964844,175.13999938964844,175.3699951171875,39366,0.0,0.0,0.0
2023-12-29 15:30:00-05:00,175.27999877929688,175.33999633789062,175.02000427246094,175.22000122070312,126235,0.0,0.0,0.0
2024-01-02 09:30:00-05:00,173.6199951171875,173.77000427246094,172.1199951171875,172.25,39147,0.0,0.0,0.0
2024-01-02 10:30:00-05:00,172.11520385742188,172.5500030517578,171.84500122070312,172.5500030517578,63815,0.0,0.0,0.0
2024-01-02 11:30:00-05:00,172.61000061035156,172.99000549316406,172.61000061035156,172.75,49511,0.0,0.0,0.0
2024-01-02 12:30:00-05:00,172.6300048828125,172.94960021972656,172.2100067138672,172.44000244140625,60659,0.0,0.0,0.0
2024-01-02 13:30:00-05:00,172.39999389648438,172.5500030517578,171.94000244140625,172.1300048828125,36911,0.0,0.0,0.0
2024-01-02 14:30:00-05:00,172.1649932861328,172.22000122070312,171.57000732421875,171.83999633789062,111110,0.0,0.0,0.0
2024-01-02 15:30:00-05:00,171.83999633789062,172.63999938964844,171.77000427246094,172.6300048828125,69488,0.0,0.0,0.0
2024-01-03 09:30:00-05:00,171.4600067138672,172.25,171.3699951171875,171.5500030517578,64856,0.0,0.0,0.0
2024-01-03 10:30:00-05:00,171.5800018310547,171.875,171.302001953125,171.61099243164062,189649,0.0,0.0,0.0
2024-01-03 11:30:00-05:00,171.6757049560547,171.73899841308594,171.27000427246094,171.52000427246094,741809,0.0,0.0,0.0
2024-01-03 12:30:00-05:00,171.5500030517578,171.92999267578125,171.52999877929688,171.6999969482422,876753,0.0,0.0,0.0
2024-01-03 13:30:00-05:00,171.55999755859375,172.0449981689453,171.22000122070312,171.97999572753906,80788,0.0,0.0,0.0
2024-01-03 14:30:00-05:00,171.97000122070312,172.02000427246094,171.35000610351562,171.4199981689453,149288,0.0,0.0,0.0
2024-01-03 15:30:00-05:00,171.44000244140625,171.62989807128906,171.01739501953125,171.22999572753906,63268,0.0,0.0,0.0
2024-01-04 09:30:00-05:00,170.83999633789062,171.41000366210938,170.61000061035156,171.31129455566406,32026,0.0,0.0,0.0
2024-01-04 10:30:00-05:00,171.40379333496094,171.9499969482422,171.21499633789062,171.8000030517578,49607,0.0,0.0,0.0
2024-01-04 11:30:00-05:00,171.7899932861328,171.889892578125,171.19000244140625,171.2899932861328,43642,0.0,0.0,0.0
2024-01-04 12:30:00-05:00,171.26849365234375,171.30999755859375,171.00999450683594,171.25,240398,0.0,0.0,0.0
2024-01-04 13:30:00-05:00,171.32989501953125,171.35000610351562,170.9199981689453,170.97000122070312,31937,0.0,0.0,0.0
2024-01-04 14:30:00-05:00,170.8699951171875,171.06500244140625,170.7100067138672,170.74000549316406,289707,0.0,0.0,0.0
2024-01-04 15:30:00-05:00,170.77000427246094,170.9600067138672,170.27999877929688,170.41000366210938,39326,0.0,0.0,0.0
2024-01-05 09:30:00-05:00,170.4499969482422,171.4799041748047,170.4499969482422,171.27499389648438,68308,0.0,0.0,0.0
2024-01-05 10:30:00-05:00,171.33419799804688,171.61000061035156,171.08009338378906,171.14999389648438,56877,0.0,0.0,0.0
2024-01-05 11:30:00-05:00,171.19000244140625,171.19500732421875,170.4197998046875,170.42999267578125,21763,0.0,0.0,0.0
2024-01-05 12:30:00-05:00,170.4199981689453,170.72000122070312,170.2657928466797,170.5399932861328,25325,0.0,0.0,0.0
2024-01-05 13:30:00-05:00,170.7100067138672,170.91000366210938,170.5500030517578,170.63999938964844,71346,0.0,0.0,0.0
2024-01-05 14:30:00-05:00,170.68800354003906,170.71499633789062,169.99000549316406,170.02999877929688,31055,0.0,0.0,0.0
2024-01-05 15:30:00-05:00,170.0,170.6356964111328,169.89999389648438,170.47999572753906,33944,0.0,0.0,0.0
2024-01-08 09:30:00-05:00,171.11000061035156,172.3800048828125,171.11000061035156,172.27999877929688,51104,0.0,0.0,0.0
2024-01-08 10:30:00-05:00,172.37130737304688,172.50669860839844,172.17999267578125,172.25999450683594,21803,0.0,0.0,0.0
2024-01-08 11:30:00-05:00,172.27969360351562,172.72000122070312,172.27969360351562,172.50999450683594,331675,0.0,0.0,0.0
2024-01-08 12:30:00-05:00,172.5,172.88999938964844,172.5,172.8300018310547,69242,0.0,0.0,0.0
2024-01-08 13:30:00-05:00,172.8498992919922,173.4600067138672,172.8300018310547,173.4600067138672,685809,0.0,0.0,0.0
2024-01-08 14:30:00-05:00,173.46539306640625,173.8842010498047,173.46539306640625,173.7899932861328,80830,0.0,0.0,0.0
2024-01-08 15:30:00-05:00,173.78419494628906,174.14999389648438,173.74000549316406,174.07000732421875,36375,0.0,0.0,0.0
2024-01-09 09:30:00-05:00,173.27999877929688,173.75819396972656,172.90570068359375,173.53680419921875,25092,0.0,0.0,0.0
2024-01-09 10:30:00-05:00,173.5832977294922,174.12489318847656,173.49000549316406,174.0601043701172,33320,0.0,0.0,0.0
2024-01-09 11:30:00-05:00,174.10000610351562,174.67999267578125,174.02000427246094,174.5500946044922,136021,0.0,0.0,0.0
2024-01-09 12:30:00-05:00,174.5399932861328,174.90220642089844,174.5399932861328,174.59500122070312,72119,0.0,0.0,0.0
2024-01-09 13:30:00-05:00,174.3300018310547,174.83999633789062,174.28089904785156,174.55999755859375,132676,0.0,0.0,0.0
2024-01-09 14:30:00-05:00,174.5738983154297,174.69000244140625,174.3300018310547,174.4821014404297,42501,0.0,0.0,0.0
2024-01-09 15:30:00-05:00,174.49000549316406,174.61000061035156,174.1699981689453,174.5500030517578,57394,0.0,0.0,0.0
2024-01-10 09:30:00-05:00,174.89999389648438,175.6300048828125,174.89999389648438,175.55999755859375,29744,0.0,0.0,0.0
2024-01-10 10:30:00-05:00,175.56480407714844,175.91290283203125,175.55999755859375,175.63609313964844,17480,0.0,0.0,0.0
2024-01-10 11:30:00-05:00,175.69000244140625,175.8800048828125,175.5399932861328,175.83999633789062,13766,0.0,0.0,0.0
2024-01-10 12:30:00-05:00,175.88999938964844,176.19000244140625,175.8300018310547,176.00100708007812,29900,0.0,0.0,0.0
2024-01-10 13:30:00-05:00,176.0399932861328,176.68649291992188,176.0399932861328,176.58999633789062,31448,0.0,0.0,0.0
2024-01-10 14:30:00-05:00,176.5800018310547,176.83999633789062,176.27000427246094,176.41000366210938,43864,0.0,0.0,0.0
2024-01-10 15:30:00-05:00,176.36000061035156,176.55999755859375,175.9499969482422,176.52999877929688,34629,0.0,0.0,0.0
2024-01-11 09:30:00-05:00,177.30999755859375,177.9219970703125,175.77999877929688,176.38999938964844,84769,0.0,0.0,0.0
2024-01-11 10:30:00-05:00,176.6562042236328,176.6562042236328,175.13999938964844,175.33999633789062,27566,0.0,0.0,0.0
2024-01-11 11:30:00-05:00,175.35000610351562,175.55999755859375,174.94000244140625,175.3300018310547,31638,0.0,0.0,0.0
2024-01-11 12:30:00-05:00,175.27999877929688,176.28990173339844,175.27999877929688,176.22909545898438,28650,0.0,0.0,0.0
2024-01-11 13:30:00-05:00,176.25010681152344,176.8000030517578,176.19009399414062,176.773193359375,25719,0.0,0.0,0.0
2024-01-11 14:30:00-05:00,176.85000610351562,177.12989807128906,176.55999755859375,176.77000427246094,43090,0.0,0.0,0.0
2024-01-11 15:30:00-05:00,176.80999755859375,177.0,176.5500030517578,176.8800048828125,36045,0.0,0.0,0.0
2024-01-12 09:30:00-05:00,177.05999755859375,177.53720092773438,176.6121063232422,176.95770263671875,22837,0.0,0.0,0.0
2024-01-12 10:30:00-05:00,177.05999755859375,177.24659729003906,176.5,177.17999267578125,21725,0.0,0.0,0.0
2024-01-12 11:30:00-05:00,177.15499877929688,177.16000366210938,176.6300048828125,176.69500732421875,16101,0.0,0.0,0.0
2024-01-12 12:30:00-05:00,176.86349487304688,177.19000244140625,176.73049926757812,177.1790008544922,11562,0.0,0.0,0.0
2024-01-12 13:30:00-05:00,177.1280059814453,177.35989379882812,177.02999877929688,177.16000366210938,57931,0.0,0.0,0.0
2024-01-12 14:30:00-05:00,177.1699981689453,177.1699981689453,176.75999450683594,176.9199981689453,40506,0.0,0.0,0.0
2024-01-12 15:30:00-05:00,176.8699951171875,177.17999267578125,176.8699951171875,177.0500030517578,41374,0.0,0.0,0.0
2024-01-16 09:30:00-05:00,176.72000122070312,177.49000549316406,176.25999450683594,177.44329833984375,48008,0.0,0.0,0.0
2024-01-16 10:30:00-05:00,177.49000549316406,177.6999969482422,176.88999938964844,177.38999938964844,33039,0.0,0.0,0.0
2024-01-16 11:30:00-05:00,177.39999389648438,177.5478973388672,176.6999969482422,176.6999969482422,56750,0.0,0.0,0.0
2024-01-16 12:30:00-05:00,176.52999877929688,176.8800048828125,176.3800048828125,176.6999969482422,116789,0.0,0.0,0.0
2024-01-16 13:30:00-05:00,176.8800048828125,176.94000244140625,176.1699981689453,176.35000610351562,113609,0.0,0.0,0.0
2024-01-16 14:30:00-05:00,176.27000427246094,176.80999755859375,176.25,176.6199951171875,334718,0.0,0.0,0.0
2024-01-16 15:30:00-05:00,176.63009643554688,177.0,176.5601043701172,177.0,57278,0.0,0.0,0.0
2024-01-17 09:30:00-05:00,175.91000366210938,176.0,174.6300048828125,175.32000732421875,138322,0.0,0.0,0.0
2024-01-17 10:30:00-05:00,175.24000549316406,175.97000122070312,175.07000732421875,175.97000122070312,256873,0.0,0.0,0.0
2024-01-17 11:30:00-05:00,175.9199981689453,176.08999633789062,175.6199951171875,175.63999938964844,80723,0.0,0.0,0.0
2024-01-17 12:30:00-05:00,175.64999389648438,175.99000549316406,175.3300018310547,175.42999267578125,146069,0.0,0.0,0.0
2024-01-17 13:30:00-05:00,175.44000244140625,175.72999572753906,175.08999633789062,175.67999267578125,106746,0.0,0.0,0.0
2024-01-17 14:30:00-05:00,175.75999450683594,175.9199981689453,175.51950073242188,175.55999755859375,197397,0.0,0.0,0.0
2024-01-17 15:30:00-05:00,175.6699981689453,176.2899932861328,175.66000366210938,176.13999938964844,2118369,0.0,0.0,0.0
2024-01-18 09:30:00-05:00,177.4499969482422,177.75999450683594,177.22000122070312,177.65769958496094,58273,0.0,0.0,0.0
2024-01-18 10:30:00-05:00,177.72000122070312,178.1999969482422,177.3986053466797,178.19149780273438,126299,0.0,0.0,0.0
2024-01-18 11:30:00-05:00,178.24879455566406,178.33999633789062,177.35000610351562,177.6199951171875,72465,0.0,0.0,0.0
2024-01-18 12:30:00-05:00,177.60150146484375,177.60989379882812,176.92999267578125,177.02000427246094,40503,0.0,0.0,0.0
2024-01-18 13:30:00-05:00,177.02999877929688,178.37989807128906,177.02000427246094,178.32000732421875,435243,0.0,0.0,0.0
2024-01-18 14:30:00-05:00,178.42999267578125,178.5395050048828,178.07000732421875,178.47999572753906,59802,0.0,0.0,0.0
2024-01-18 15:30:00-05:00,178.5196990966797,178.72999572753906,178.3000030517578,178.61000061035156,75840,0.0,0.0,0.0
2024-01-19 09:30:00-05:00,179.52000427246094,179.61000061035156,178.97000122070312,179.4600067138672,65335,0.0,0.0,0.0
2024-01-19 10:30:00-05:00,179.41000366210938,180.0,179.2899932861328,179.89010620117188,59109,0.0,0.0,0.0
2024-01-19 11:30:00-05:00,179.8596954345703,180.08999633789062,179.58999633789062,180.0800018310547,36344,0.0,0.0,0.0
2024-01-19 12:30:00-05:00,180.0800018310547,180.6999969482422,180.0800018310547,180.67909240722656,50806,0.0,0.0,0.0
2024-01-19 13:30:00-05:00,180.6699981689453,181.27999877929688,180.6699981689453,181.0,67422,0.0,0.0,0.0
2024-01-19 14:30:00-05:00,181.05999755859375,181.33999633789062,180.80499267578125,181.22000122070312,50202,0.0,0.0,0.0
2024-01-19 15:30:00-05:00,181.2100067138672,181.3800048828125,181.13999938964844,181.3800048828125,34986,0.0,0.0,0.0
2024-01-22 09:30:00-05:00,182.24000549316406,182.63589477539062,181.80270385742188,181.80270385742188,44894,0.0,0.0,0.0
2024-01-22 10:30:00-05:00,181.77999877929688,182.0800018310547,181.50999450683594,182.07000732421875,69973,0.0,0.0,0.0
2024-01-22 11:30:00-05:00,182.0500030517578,182.14100646972656,181.66000366210938,181.88999938964844,51396,0.0,0.0,0.0
2024-01-22 12:30:00-05:00,181.9600067138672,182.0196990966797,181.48919677734375,181.48919677734375,29794,0.0,0.0,0.0
2024-01-22 13:30:00-05:00,181.55990600585938,182.02999877929688,181.5334014892578,181.80999755859375,36013,0.0,0.0,0.0
2024-01-22 14:30:00-05:00,181.83160400390625,182.00999450683594,181.72000122070312,181.99000549316406,41236,0.0,0.0,0.0
2024-01-22 15:30:00-05:00,181.97000122070312,181.97000122070312,181.6199951171875,181.64999389648438,48824,0.0,0.0,0.0
2024-01-23 09:30:00-05:00,182.00999450683594,182.00999450683594,181.3300018310547,181.6699981689453,29089,0.0,0.0,0.0
2024-01-23 10:30:00-05:00,181.6199951171875,181.7899932861328,181.38999938964844,181.38999938964844,22164,0.0,0.0,0.0
2024-01-23 11:30:00-05:00,181.4199981689453,181.63499450683594,181.33999633789062,181.4324951171875,20120,0.0,0.0,0.0
2024-01-23 12:30:00-05:00,181.47000122070312,181.89840698242188,181.44000244140625,181.79840087890625,19125,0.0,0.0,0.0
2024-01-23 13:30:00-05:00,181.77000427246094,181.83999633789062,181.63499450683594,181.6699981689453,30019,0.0,0.0,0.0
2024-01-23 14:30:00-05:00,181.625,182.1300048828125,181.61900329589844,182.0449981689453,38067,0.0,0.0,0.0
2024-01-23 15:30:00-05:00,182.0500030517578,182.33999633789062,181.9600067138672,182.27000427246094,36487,0.0,0.0,0.0
2024-01-24 09:30:00-05:00,183.61000061035156,184.1699981689453,183.3699951171875,184.15029907226562,45715,0.0,0.0,0.0
2024-01-24 10:30:00-05:00,184.14999389648438,184.49000549316406,183.88999938964844,184.0399932861328,44957,0.0,0.0,0.0
2024-01-24 11:30:00-05:00,184.02999877929688,184.63999938964844,183.95010375976562,184.56610107421875,27847,0.0,0.0,0.0
2024-01-24 12:30:00-05:00,184.59500122070312,184.80999755859375,184.24000549316406,184.6199951171875,47888,0.0,0.0,0.0
2024-01-24 13:30:00-05:00,184.5718994140625,184.5894012451172,183.47999572753906,183.5200958251953,77164,0.0,0.0,0.0
2024-01-24 14:30:00-05:00,183.5399932861328,183.9499969482422,183.218994140625,183.22999572753906,67175,0.0,0.0,0.0
2024-01-24 15:30:00-05:00,183.22000122070312,183.64999389648438,183.0500030517578,183.16000366210938,53793,0.0,0.0,0.0
2024-01-25 09:30:00-05:00,183.47999572753906,183.9550018310547,183.1782989501953,183.9550018310547,39202,0.0,0.0,0.0
2024-01-25 10:30:00-05:00,183.99929809570312,184.05859375,183.57000732421875,184.02999877929688,21348,0.0,0.0,0.0
2024-01-25 11:30:00-05:00,184.0500030517578,184.24000549316406,183.44000244140625,183.49000549316406,35131,0.0,0.0,0.0
2024-01-25 12:30:00-05:00,183.42999267578125,183.48899841308594,182.88009643554688,182.9698944091797,22157,0.0,0.0,0.0
2024-01-25 13:30:00-05:00,183.0,183.16000366210938,182.3300018310547,182.5399932861328,44270,0.0,0.0,0.0
2024-01-25 14:30:00-05:00,182.56900024414062,183.02760314941406,182.4398956298828,182.83999633789062,52346,0.0,0.0,0.0
2024-01-25 15:30:00-05:00,182.8000030517578,183.33999633789062,182.8000030517578,183.33999633789062,53932,0.0,0.0,0.0
2024-01-26 09:30:00-05:00,182.97000122070312,183.2899932861328,182.77420043945312,183.2899932861328,16313,0.0,0.0,0.0
2024-01-26 10:30:00-05:00,183.3800048828125,183.75999450683594,183.3800048828125,183.6999969482422,18479,0.0,0.0,0.0
2024-01-26 11:30:00-05:00,183.69349670410156,183.89999389648438,183.4001007080078,183.57000732421875,19431,0.0,0.0,0.0
2024-01-26 12:30:00-05:00,183.52999877929688,183.52999877929688,182.80050659179688,183.0467987060547,29073,0.0,0.0,0.0
2024-01-26 13:30:00-05:00,183.10000610351562,183.11000061035156,182.69000244140625,182.89999389648438,25295,0.0,0.0,0.0
2024-01-26 14:30:00-05:00,182.91000366210938,183.32000732421875,182.7899932861328,183.0500030517578,23455,0.0,0.0,0.0
2024-01-26 15:30:00-05:00,183.02999877929688,183.07000732421875,182.8300018310547,182.97999572753906,35306,0.0,0.0,0.0
2024-01-29 09:30:00-05:00,183.32000732421875,183.69500732421875,183.16000366210938,183.4499969482422,30424,0.0,0.0,0.0
2024-01-29 10:30:00-05:00,183.58999633789062,183.58999633789062,183.27810668945312,183.39999389648438,17001,0.0,0.0,0.0
2024-01-29 11:30:00-05:00,183.55990600585938,183.92979431152344,183.47999572753906,183.81500244140625,51379,0.0,0.0,0.0
2024-01-29 12:30:00-05:00,183.85000610351562,183.97000122070312,183.73899841308594,183.8800048828125,75032,0.0,0.0,0.0
2024-01-29 13:30:00-05:00,183.91000366210938,184.19000244140625,183.8242950439453,184.16000366210938,66399,0.0,0.0,0.0
2024-01-29 14:30:00-05:00,184.14999389648438,185.05999755859375,184.1300048828125,184.90989685058594,106366,0.0,0.0,0.0
2024-01-29 15:30:00-05:00,184.94500732421875,185.05999755859375,184.75,185.00990295410156,108617,0.0,0.0,0.0
2024-01-30 09:30:00-05:00,185.0500030517578,185.1396942138672,184.7095947265625,184.87330627441406,80777,0.0,0.0,0.0
2024-01-30 10:30:00-05:00,185.0,185.0,184.47999572753906,184.7100067138672,118857,0.0,0.0,0.0
2024-01-30 11:30:00-05:00,184.7100067138672,184.8000030517578,184.12930297851562,184.1300048828125,89558,0.0,0.0,0.0
2024-01-30 12:30:00-05:00,184.10000610351562,184.27999877929688,183.8699951171875,184.22999572753906,103751,0.0,0.0,0.0
2024-01-30 13:30:00-05:00,184.30999755859375,184.30999755859375,183.8800048828125,184.1999969482422,716873,0.0,0.0,0.0
2024-01-30 14:30:00-05:00,184.22000122070312,184.49000549316406,184.1750030517578,184.42999267578125,1199707,0.0,0.0,0.0
2024-01-30 15:30:00-05:00,184.3800048828125,184.38900756835938,184.10000610351562,184.17999267578125,45594,0.0,0.0,0.0
2024-01-31 09:30:00-05:00,182.22999572753906,183.11000061035156,181.60000610351562,181.60000610351562,40921,0.0,0.0,0.0
2024-01-31 10:30:00-05:00,181.50999450683594,181.6999969482422,181.0,181.52000427246094,72294,0.0,0.0,0.0
2024-01-31 11:30:00-05:00,181.52000427246094,181.7949981689453,181.30999755859375,181.69000244140625,253831,0.0,0.0,0.0
2024-01-31 12:30:00-05:00,181.67999267578125,182.00999450683594,181.44000244140625,181.77000427246094,73028,0.0,0.0,0.0
2024-01-31 13:30:00-05:00,181.789794921875,181.97000122070312,181.1699981689453,181.39999389648438,30017,0.0,0.0,0.0
2024-01-31 14:30:00-05:00,181.45089721679688,182.63600158691406,180.66000366210938,180.96620178222656,58771,0.0,0.0,0.0
2024-01-31 15:30:00-05:00,180.98989868164062,180.98989868164062,180.22000122070312,180.22999572753906,119046,0.0,0.0,0.0
2024-02-01 09:30:00-05:00,181.17999267578125,182.22999572753906,181.1300048828125,182.2100067138672,76764,0.0,0.0,0.0
2024-02-01 10:30:00-05:00,182.20790100097656,182.24000549316406,181.33999633789062,181.48500061035156,43917,0.0,0.0,0.0
2024-02-01 11:30:00-05:00,181.47000122070312,182.22000122070312,181.47000122070312,181.89999389648438,79882,0.0,0.0,0.0
2024-02-01 12:30:00-05:00,181.8105926513672,182.5800018310547,181.77000427246094,182.12879943847656,43136,0.0,0.0,0.0
2024-02-01 13:30:00-05:00,182.13999938964844,182.5449981689453,181.8699951171875,182.38999938964844,67522,0.0,0.0,0.0
2024-02-01 14:30:00-05:00,182.41000366210938,182.94509887695312,182.2899932861328,182.86000061035156,60778,0.0,0.0,0.0
2024-02-01 15:30:00-05:00,182.8800048828125,183.00999450683594,182.55999755859375,182.86000061035156,44757,0.0,0.0,0.0
2024-02-02 09:30:00-05:00,183.77000427246094,185.27999877929688,183.50999450683594,184.97000122070312,50437,0.0,0.0,0.0
2024-02-02 10:30:00-05:00,184.93499755859375,186.0500030517578,184.7100067138672,186.0,95268,0.0,0.0,0.0
2024-02-02 11:30:00-05:00,186.05999755859375,186.99000549316406,186.04010009765625,186.9499969482422,35841,0.0,0.0,0.0
2024-02-02 12:30:00-05:00,186.97999572753906,187.06199645996094,186.1199951171875,186.55020141601562,30345,0.0,0.0,0.0
2024-02-02 13:30:00-05:00,186.50999450683594,187.17999267578125,186.375,187.0,30129,0.0,0.0,0.0
2024-02-02 14:30:00-05:00,187.02000427246094,187.27999877929688,186.85000610351562,187.0800018310547,64988,0.0,0.0,0.0
2024-02-02 15:30:00-05:00,187.10000610351562,187.18190002441406,186.77999877929688,186.86000061035156,43354,0.0,0.0,0.0
2024-02-05 09:30:00-05:00,187.24000549316406,187.48899841308594,186.11000061035156,186.35000610351562,41835,0.0,0.0,0.0
2024-02-05 10:30:00-05:00,186.3300018310547,186.47999572753906,185.5850067138672,185.95660400390625,28605,0.0,0.0,0.0
2024-02-05 11:30:00-05:00,186.02999877929688,186.80999755859375,186.02999877929688,186.80999755859375,20237,0.0,0.0,0.0
2024-02-05 12:30:00-05:00,186.88999938964844,187.1699981689453,186.80999755859375,186.8699951171875,62760,0.0,0.0,0.0
2024-02-05 13:30:00-05:00,186.7550048828125,187.1300048828125,186.7550048828125,187.10000610351562,23660,0.0,0.0,0.0
2024-02-05 14:30:00-05:00,187.09800720214844,187.42990112304688,186.67999267578125,187.07000732421875,53203,0.0,0.0,0.0
2024-02-05 15:30:00-05:00,187.0800018310547,187.27000427246094,186.86000061035156,186.8800048828125,57033,0.0,0.0,0.0
2024-02-06 09:30:00-05:00,187.4499969482422,187.6300048828125,186.1132049560547,186.25999450683594,57333,0.0,0.0,0.0
2024-02-06 10:30:00-05:00,186.27999877929688,186.63999938964844,186.22000122070312,186.4499969482422,65872,0.0,0.0,0.0
2024-02-06 11:30:00-05:00,186.52000427246094,186.5800018310547,185.63999938964844,186.0,71885,0.0,0.0,0.0
2024-02-06 12:30:00-05:00,186.00999450683594,186.1999969482422,185.8300018310547,186.19500732421875,36194,0.0,0.0,0.0
2024-02-06 13:30:00-05:00,186.19000244140625,186.41000366210938,185.86000061035156,186.0399932861328,166812,0.0,0.0,0.0
2024-02-06 14:30:00-05:00,186.10000610351562,186.61000061035156,186.0399932861328,186.51919555664062,102866,0.0,0.0,0.0
2024-02-06 15:30:00-05:00,186.50999450683594,186.8800048828125,186.20359802246094,186.8800048828125,481080,0.0,0.0,0.0
2024-02-07 09:30:00-05:00,187.86000061035156,189.19769287109375,187.7100067138672,189.19769287109375,86868,0.0,0.0,0.0
2024-02-07 10:30:00-05:00,189.18370056152344,189.18370056152344,188.61000061035156,188.83999633789062,237267,0.0,0.0,0.0
2024-02-07 11:30:00-05:00,188.82000732421875,189.1199951171875,188.63999938964844,188.84500122070312,99838,0.0,0.0,0.0
2024-02-07 12:30:00-05:00,188.8000030517578,189.17999267578125,188.55999755859375,189.17999267578125,72792,0.0,0.0,0.0
2024-02-07 13:30:00-05:00,189.1999969482422,189.30999755859375,189.02000427246094,189.12010192871094,263102,0.0,0.0,0.0
2024-02-07 14:30:00-05:00,189.16000366210938,189.4019012451172,189.08999633789062,189.3699951171875,62099,0.0,0.0,0.0
2024-02-07 15:30:00-05:00,189.360107421875,189.3699951171875,189.1699981689453,189.2899932861328,537938,0.0,0.0,0.0
2024-02-08 09:30:00-05:00,189.36000061035156,189.6199951171875,189.25999450683594,189.35000610351562,16418,0.0,0.0,0.0
2024-02-08 10:30:00-05:00,189.25999450683594,189.7899932861328,189.2100067138672,189.42999267578125,36128,0.0,0.0,0.0
2024-02-08 11:30:00-05:00,189.4199981689453,189.6699981689453,189.4199981689453,189.6699981689453,17842,0.0,0.0,0.0
2024-02-08 12:30:00-05:00,189.6757049560547,189.6757049560547,189.27999877929688,189.57879638671875,25246,0.0,0.0,0.0
2024-02-08 13:30:00-05:00,189.58999633789062,189.62240600585938,189.16000366210938,189.2364044189453,51070,0.0,0.0,0.0
2024-02-08 14:30:00-05:00,189.2006072998047,189.55999755859375,189.0800018310547,189.50999450683594,43836,0.0,0.0,0.0
2024-02-08 15:30:00-05:00,189.52999877929688,189.5399932861328,189.27000427246094,189.42999267578125,43100,0.0,0.0,0.0
2024-02-09 09:30:00-05:00,190.11000061035156,190.64999389648438,189.9199981689453,190.64999389648438,31844,0.0,0.0,0.0
2024-02-09 10:30:00-05:00,190.69000244140625,191.1186981201172,190.60360717773438,190.90499877929688,49744,0.0,0.0,0.0
2024-02-09 11:30:00-05:00,191.00999450683594,191.1699981689453,190.88999938964844,191.0709991455078,13642,0.0,0.0,0.0
2024-02-09 12:30:00-05:00,191.07000732421875,191.34910583496094,191.0399932861328,191.3000030517578,27507,0.0,0.0,0.0
2024-02-09 13:30:00-05:00,191.32479858398438,191.52999877929688,191.22000122070312,191.52749633789062,43855,0.0,0.0,0.0
2024-02-09 14:30:00-05:00,191.49099731445312,191.6999969482422,191.39999389648438,191.49000549316406,86345,0.0,0.0,0.0
2024-02-09 15:30:00-05:00,191.38999938964844,191.57000732421875,191.33999633789062,191.47999572753906,31071,0.0,0.0,0.0
2024-02-12 09:30:00-05:00,191.47999572753906,191.5673065185547,190.94000244140625,191.11000061035156,33206,0.0,0.0,0.0
2024-02-12 10:30:00-05:00,191.09030151367188,191.74960327148438,191.09030151367188,191.74960327148438,24931,0.0,0.0,0.0
2024-02-12 11:30:00-05:00,191.71499633789062,191.9600067138672,191.4199981689453,191.50999450683594,117117,0.0,0.0,0.0
2024-02-12 12:30:00-05:00,191.5590057373047,191.72000122070312,191.22000122070312,191.2371063232422,22137,0.0,0.0,0.0
2024-02-12 13:30:00-05:00,191.16000366210938,191.16000366210938,190.0,190.42999267578125,71592,0.0,0.0,0.0
2024-02-12 14:30:00-05:00,190.41000366210938,190.5500030517578,190.0498046875,190.49879455566406,28306,0.0,0.0,0.0
2024-02-12 15:30:00-05:00,190.39999389648438,190.5,190.2100067138672,190.3699951171875,63982,0.0,0.0,0.0
2024-02-13 09:30:00-05:00,187.02000427246094,188.47999572753906,186.6300048828125,188.47999572753906,46539,0.0,0.0,0.0
2024-02-13 10:30:00-05:00,188.55999755859375,189.00999450683594,188.46519470214844,188.63890075683594,38668,0.0,0.0,0.0
2024-02-13 11:30:00-05:00,188.6199951171875,188.8000030517578,187.97999572753906,187.97999572753906,17339,0.0,0.0,0.0
2024-02-13 12:30:00-05:00,188.2899932861328,188.40020751953125,187.8249969482422,187.89999389648438,26484,0.0,0.0,0.0
2024-02-13 13:30:00-05:00,188.01800537109375,188.0449981689453,187.00999450683594,187.19000244140625,37496,0.0,0.0,0.0
2024-02-13 14:30:00-05:00,187.18099975585938,187.5500030517578,186.55189514160156,186.8000030517578,37447,0.0,0.0,0.0
2024-02-13 15:30:00-05:00,186.75,187.82000732421875,186.71560668945312,187.7100067138672,57929,0.0,0.0,0.0
2024-02-14 09:30:00-05:00,189.1199951171875,189.47999572753906,188.49000549316406,189.36000061035156,38685,0.0,0.0,0.0
2024-02-14 10:30:00-05:00,189.42999267578125,189.5,188.1999969482422,188.57000732421875,33489,0.0,0.0,0.0
2024-02-14 11:30:00-05:00,188.5968017578125,188.60000610351562,187.89999389648438,188.47999572753906,37680,0.0,0.0,0.0
2024-02-14 12:30:00-05:00,188.60000610351562,188.75,188.3531951904297,188.46189880371094,26391,0.0,0.0,0.0
2024-02-14 13:30:00-05:00,188.5,189.02999877929688,188.27659606933594,188.81640625,535322,0.0,0.0,0.0
2024-02-14 14:30:00-05:00,188.83999633789062,189.44180297851562,188.74000549316406,189.39999389648438,33925,0.0,0.0,0.0
2024-02-14 15:30:00-05:00,189.42999267578125,190.02000427246094,189.2899932861328,189.94569396972656,43303,0.0,0.0,0.0
2024-02-15 09:30:00-05:00,189.83999633789062,189.83999633789062,188.8699951171875,188.97000122070312,35078,0.0,0.0,0.0
2024-02-15 10:30:00-05:00,189.15989685058594,189.32919311523438,188.64999389648438,189.0897979736328,28646,0.0,0.0,0.0
2024-02-15 11:30:00-05:00,189.07000732421875,189.46820068359375,188.99000549316406,189.46820068359375,25085,0.0,0.0,0.0
2024-02-15 12:30:00-05:00,189.4600067138672,189.91200256347656,189.2899932861328,189.8699951171875,43421,0.0,0.0,0.0
2024-02-15 13:30:00-05:00,189.88999938964844,189.9499969482422,189.47999572753906,189.7093048095703,30727,0.0,0.0,0.0
2024-02-15 14:30:00-05:00,189.72999572753906,189.97999572753906,189.5500030517578,189.785400390625,64431,0.0,0.0,0.0
2024-02-15 15:30:00-05:00,189.80999755859375,190.07000732421875,189.72000122070312,190.0500030517578,37883,0.0,0.0,0.0
2024-02-16 09:30:00-05:00,190.27000427246094,190.27000427246094,188.5,188.84539794921875,33614,0.0,0.0,0.0
2024-02-16 10:30:00-05:00,188.97999572753906,190.0991973876953,188.83999633789062,189.9001007080078,21817,0.0,0.0,0.0
2024-02-16 11:30:00-05:00,190.00999450683594,190.16000366210938,189.75999450683594,189.8699951171875,39472,0.0,0.0,0.0
2024-02-16 12:30:00-05:00,189.9864044189453,189.9864044189453,189.25,189.54800415039062,34801,0.0,0.0,0.0
2024-02-16 13:30:00-05:00,189.59800720214844,190.2187957763672,189.52999877929688,190.14500427246094,27745,0.0,0.0,0.0
2024-02-16 14:30:00-05:00,190.14190673828125,190.14190673828125,188.9499969482422,189.24000549316406,42302,0.0,0.0,0.0
2024-02-16 15:30:00-05:00,189.25,189.25,188.5500030517578,188.75,34812,0.0,0.0,0.0
2024-02-20 09:30:00-05:00,187.7100067138672,188.27999877929688,186.0,186.03500366210938,66809,0.0,0.0,0.0
2024-02-20 10:30:00-05:00,185.75,186.9199981689453,185.75,186.7100067138672,40914,0.0,0.0,0.0
2024-02-20 11:30:00-05:00,186.63999938964844,186.63999938964844,185.49000549316406,185.62869262695312,44871,0.0,0.0,0.0
2024-02-20 12:30:00-05:00,185.69119262695312,186.13999938964844,185.4698944091797,185.74000549316406,107264,0.0,0.0,0.0
2024-02-20 13:30:00-05:00,185.75,186.25,185.63999938964844,186.1999969482422,59479,0.0,0.0,0.0
2024-02-20 14:30:00-05:00,186.1999969482422,186.74000549316406,186.0850067138672,186.6697998046875,124760,0.0,0.0,0.0
2024-02-20 15:30:00-05:00,186.64999389648438,186.8800048828125,186.0399932861328,186.8699951171875,85773,0.0,0.0,0.0
2024-02-21 09:30:00-05:00,185.8800048828125,186.2899932861328,185.52999877929688,185.88999938964844,34274,0.0,0.0,0.0
2024-02-21 10:30:00-05:00,185.6999969482422,186.25999450683594,185.6486053466797,186.07000732421875,77671,0.0,0.0,0.0
2024-02-21 11:30:00-05:00,185.94000244140625,186.10000610351562,185.33999633789062,185.40240478515625,25278,0.0,0.0,0.0
2024-02-21 12:30:00-05:00,185.4799041748047,185.75,185.25,185.46690368652344,35859,0.0,0.0,0.0
2024-02-21 13:30:00-05:00,185.5050048828125,185.8000030517578,185.05999755859375,185.19000244140625,40523,0.0,0.0,0.0
2024-02-21 14:30:00-05:00,185.21560668945312,185.21560668945312,184.80999755859375,185.21499633789062,40169,0.0,0.0,0.0
2024-02-21 15:30:00-05:00,185.22500610351562,186.47999572753906,185.22500610351562,186.42999267578125,25942,0.0,0.0,0.0
2024-02-22 09:30:00-05:00,190.3300018310547,191.5697021484375,190.25,191.5500030517578,75982,0.0,0.0,0.0
2024-02-22 10:30:00-05:00,191.5699005126953,191.61000061035156,190.98080444335938,191.35000610351562,31560,0.0,0.0,0.0
2024-02-22 11:30:00-05:00,191.39109802246094,191.60000610351562,191.08619689941406,191.57000732421875,40209,0.0,0.0,0.0
2024-02-22 12:30:00-05:00,191.60000610351562,191.97000122070312,191.42999267578125,191.96949768066406,34210,0.0,0.0,0.0
2024-02-22 13:30:00-05:00,191.88160705566406,192.64999389648438,191.88160705566406,192.61000061035156,44415,0.0,0.0,0.0
2024-02-22 14:30:00-05:00,192.6688995361328,192.6688995361328,192.1199951171875,192.39999389648438,46518,0.0,0.0,0.0
2024-02-22 15:30:00-05:00,192.42999267578125,192.6999969482422,192.30999755859375,192.3800048828125,42173,0.0,0.0,0.0
2024-02-23 09:30:00-05:00,193.35000610351562,193.83009338378906,192.9499969482422,192.9499969482422,40417,0.0,0.0,0.0
2024-02-23 10:30:00-05:00,192.8800048828125,193.07000732421875,191.60000610351562,192.3000030517578,54223,0.0,0.0,0.0
2024-02-23 11:30:00-05:00,192.25,192.74000549316406,192.10760498046875,192.32550048828125,34464,0.0,0.0,0.0
2024-02-23 12:30:00-05:00,192.23500061035156,192.74000549316406,192.23500061035156,192.6820068359375,22769,0.0,0.0,0.0
2024-02-23 13:30:00-05:00,192.63999938964844,192.69129943847656,192.11000061035156,192.1300048828125,56392,0.0,0.0,0.0
2024-02-23 14:30:00-05:00,192.17999267578125,192.4199981689453,192.0,192.00650024414062,19001,0.0,0.0,0.0
2024-02-23 15:30:00-05:00,191.9949951171875,192.50999450683594,191.9499969482422,192.22000122070312,57038,0.0,0.0,0.0
2024-02-26 09:30:00-05:00,192.5,192.8000030517578,191.83999633789062,192.43460083007812,33564,0.0,0.0,0.0
2024-02-26 10:30:00-05:00,192.47999572753906,192.51480102539062,191.89999389648438,192.03990173339844,40356,0.0,0.0,0.0
2024-02-26 11:30:00-05:00,192.10000610351562,192.44000244140625,192.10000610351562,192.42030334472656,21889,0.0,0.0,0.0
2024-02-26 12:30:00-05:00,192.4199981689453,192.4199981689453,191.89500427246094,191.9114990234375,18326,0.0,0.0,0.0
2024-02-26 13:30:00-05:00,191.9615020751953,192.3000030517578,191.71229553222656,192.22000122070312,72049,0.0,0.0,0.0
2024-02-26 14:30:00-05:00,192.22999572753906,192.2884063720703,191.8699951171875,191.88890075683594,130978,0.0,0.0,0.0
2024-02-26 15:30:00-05:00,191.8300018310547,191.8300018310547,191.58099365234375,191.63999938964844,22279,0.0,0.0,0.0
2024-02-27 09:30:00-05:00,191.6999969482422,191.7899932861328,190.947998046875,191.58059692382812,33486,0.0,0.0,0.0
2024-02-27 10:30:00-05:00,191.65859985351562,191.7480010986328,191.3000030517578,191.3699951171875,17249,0.0,0.0,0.0
2024-02-27 11:30:00-05:00,191.30999755859375,191.46499633789062,191.11380004882812,191.23170471191406,23959,0.0,0.0,0.0
2024-02-27 12:30:00-05:00,191.22000122070312,191.3000030517578,190.7550048828125,190.8800048828125,21332,0.0,0.0,0.0
2024-02-27 13:30:00-05:00,190.9199981689453,191.72500610351562,190.8800048828125,191.72500610351562,51354,0.0,0.0,0.0
2024-02-27 14:30:00-05:00,191.74169921875,191.97000122070312,191.6999969482422,191.89999389648438,36324,0.0,0.0,0.0
2024-02-27 15:30:00-05:00,191.8800048828125,191.89500427246094,191.6699981689453,191.82000732421875,38629,0.0,0.0,0.0
2024-02-28 09:30:00-05:00,191.1300048828125,191.24000549316406,190.47000122070312,190.64230346679688,17507,0.0,0.0,0.0
2024-02-28 10:30:00-05:00,190.74000549316406,191.2899932861328,190.71499633789062,191.20620727539062,33157,0.0,0.0,0.0
2024-02-28 11:30:00-05:00,191.16839599609375,191.3800048828125,190.94500732421875,190.94500732421875,22058,0.0,0.0,0.0
2024-02-28 12:30:00-05:00,190.9600067138672,191.06399536132812,190.652099609375,191.06399536132812,11942,0.0,0.0,0.0
2024-02-28 13:30:00-05:00,191.1199951171875,191.22500610351562,190.80999755859375,190.8300018310547,29287,0.0,0.0,0.0
2024-02-28 14:30:00-05:00,190.74000549316406,191.0780029296875,190.60499572753906,191.0509033203125,31345,0.0,0.0,0.0
2024-02-28 15:30:00-05:00,191.07330322265625,191.12989807128906,190.72000122070312,191.02000427246094,27517,0.0,0.0,0.0
2024-02-29 09:30:00-05:00,191.75,192.21600341796875,191.4499969482422,191.72500610351562,30554,0.0,0.0,0.0
2024-02-29 10:30:00-05:00,191.82850646972656,191.8699951171875,191.27999877929688,191.4499969482422,29201,0.0,0.0,0.0
2024-02-29 11:30:00-05:00,191.29989624023438,191.42999267578125,190.47999572753906,191.25,13517,0.0,0.0,0.0
2024-02-29 12:30:00-05:00,191.27999877929688,191.77000427246094,191.1699981689453,191.7550048828125,35737,0.0,0.0,0.0
2024-02-29 13:30:00-05:00,191.75999450683594,191.8800048828125,191.5500030517578,191.61000061035156,19173,0.0,0.0,0.0
2024-02-29 14:30:00-05:00,191.64999389648438,191.9550018310547,191.55499267578125,191.9550018310547,28114,0.0,0.0,0.0
2024-02-29 15:30:00-05:00,191.97000122070312,192.66000366210938,191.9199981689453,192.16000366210938,72549,0.0,0.0,0.0
2024-03-01 09:30:00-05:00,192.4499969482422,193.2364044189453,192.4499969482422,193.05690002441406,39833,0.0,0.0,0.0
2024-03-01 10:30:00-05:00,192.79949951171875,193.49000549316406,192.67999267578125,193.4199981689453,30955,0.0,0.0,0.0
2024-03-01 11:30:00-05:00,193.44869995117188,193.72999572753906,193.16000366210938,193.66200256347656,31821,0.0,0.0,0.0
2024-03-01 12:30:00-05:00,193.61000061035156,194.14999389648438,193.61000061035156,194.10000610351562,23478,0.0,0.0,0.0
2024-03-01 13:30:00-05:00,194.1649932861328,194.5850067138672,194.10850524902344,194.57139587402344,24357,0.0,0.0,0.0
2024-03-01 14:30:00-05:00,194.58999633789062,194.61000061035156,194.25,194.47999572753906,59174,0.0,0.0,0.0
2024-03-01 15:30:00-05:00,194.49000549316406,194.5399932861328,194.3701934814453,194.47999572753906,52488,0.0,0.0,0.0
2024-03-04 09:30:00-05:00,194.0800018310547,194.0800018310547,193.63870239257812,193.63870239257812,24525,0.0,0.0,0.0
2024-03-04 10:30:00-05:00,193.84869384765625,194.07000732421875,193.7050018310547,193.7393035888672,26336,0.0,0.0,0.0
2024-03-04 11:30:00-05:00,193.74000549316406,193.9398956298828,193.58009338378906,193.9398956298828,22596,0.0,0.0,0.0
2024-03-04 12:30:00-05:00,193.8300018310547,193.86990356445312,193.5,193.6898956298828,19157,0.0,0.0,0.0
2024-03-04 13:30:00-05:00,193.67019653320312,194.0,193.67019653320312,193.88499450683594,102322,0.0,0.0,0.0
2024-03-04 14:30:00-05:00,193.9311065673828,194.42999267578125,193.9311065673828,194.14999389648438,58285,0.0,0.0,0.0
2024-03-04 15:30:00-05:00,194.22000122070312,194.22000122070312,193.4199981689453,193.44000244140625,83806,0.0,0.0,0.0
2024-03-05 09:30:00-05:00,192.27999877929688,192.2899932861328,190.38999938964844,190.44000244140625,35960,0.0,0.0,0.0
2024-03-05 10:30:00-05:00,190.2100067138672,190.4739990234375,189.83999633789062,190.45399475097656,21246,0.0,0.0,0.0
2024-03-05 11:30:00-05:00,190.30999755859375,190.65899658203125,189.8800048828125,190.65899658203125,28062,0.0,0.0,0.0
2024-03-05 12:30:00-05:00,190.6999969482422,190.6999969482422,190.03500366210938,190.1300048828125,14562,0.0,0.0,0.0
2024-03-05 13:30:00-05:00,190.0800018310547,190.24000549316406,189.77850341796875,189.9311981201172,16460,0.0,0.0,0.0
2024-03-05 14:30:00-05:00,189.88999938964844,189.88999938964844,189.29110717773438,189.31320190429688,59464,0.0,0.0,0.0
2024-03-05 15:30:00-05:00,189.35989379882812,190.36000061035156,189.32000732421875,190.25999450683594,50129,0.0,0.0,0.0
2024-03-06 09:30:00-05:00,191.8699951171875,192.0,190.3000030517578,190.91000366210938,51033,0.0,0.0,0.0
2024-03-06 10:30:00-05:00,190.74000549316406,191.6999969482422,190.74000549316406,191.60000610351562,37575,0.0,0.0,0.0
2024-03-06 11:30:00-05:00,191.58009338378906,192.15899658203125,191.30999755859375,191.97999572753906,21750,0.0,0.0,0.0
2024-03-06 12:30:00-05:00,192.00799560546875,192.1300048828125,191.69000244140625,192.02999877929688,22196,0.0,0.0,0.0
2024-03-06 13:30:00-05:00,192.04989624023438,192.04989624023438,190.7100067138672,191.3800048828125,94804,0.0,0.0,0.0
2024-03-06 14:30:00-05:00,191.52000427246094,191.5399932861328,190.6199951171875,190.6750030517578,122717,0.0,0.0,0.0
2024-03-06 15:30:00-05:00,190.8300018310547,191.30999755859375,190.5500946044922,191.0800018310547,45020,0.0,0.0,0.0
2024-03-07 09:30:00-05:00,192.50999450683594,193.0399932861328,191.77000427246094,192.99000549316406,79848,0.0,0.0,0.0
2024-03-07 10:30:00-05:00,193.0800018310547,193.5399932861328,192.88999938964844,193.52000427246094,53240,0.0,0.0,0.0
2024-03-07 11:30:00-05:00,193.3800048828125,193.92999267578125,193.25,193.74090576171875,87929,0.0,0.0,0.0
2024-03-07 12:30:00-05:00,193.67999267578125,193.89999389648438,193.5399932861328,193.89999389648438,33605,0.0,0.0,0.0
2024-03-07 13:30:00-05:00,193.9199981689453,194.33990478515625,193.8300018310547,194.13999938964844,41726,0.0,0.0,0.0
2024-03-07 14:30:00-05:00,194.14990234375,194.22000122070312,193.52999877929688,193.75,52527,0.0,0.0,0.0
2024-03-07 15:30:00-05:00,193.75999450683594,194.1199951171875,193.75999450683594,193.9600067138672,46236,0.0,0.0,0.0
2024-03-08 09:30:00-05:00,194.27000427246094,195.69000244140625,194.0937957763672,195.6699981689453,43113,0.0,0.0,0.0
2024-03-08 10:30:00-05:00,195.69000244140625,195.7100067138672,193.2899932861328,193.2899932861328,40246,0.0,0.0,0.0
2024-03-08 11:30:00-05:00,193.32000732421875,193.6199951171875,192.60000610351562,193.10000610351562,48100,0.0,0.0,0.0
2024-03-08 12:30:00-05:00,193.24000549316406,193.30999755859375,191.7100067138672,191.7899932861328,37946,0.0,0.0,0.0
2024-03-08 13:30:00-05:00,191.69000244140625,192.5500030517578,191.27999877929688,192.52999877929688,29362,0.0,0.0,0.0
2024-03-08 14:30:00-05:00,192.52000427246094,193.03990173339844,191.7899932861328,191.7899932861328,56810,0.0,0.0,0.0
2024-03-08 15:30:00-05:00,191.74000549316406,192.16000366210938,191.69000244140625,191.7050018310547,117717,0.0,0.0,0.0
2024-03-11 09:30:00-04:00,190.97999572753906,191.25,190.0,190.3000030517578,45137,0.0,0.0,0.0
2024-03-11 10:30:00-04:00,190.39999389648438,191.22560119628906,190.38999938964844,190.52000427246094,54558,0.0,0.0,0.0
2024-03-11 11:30:00-04:00,190.37100219726562,191.1199951171875,190.35000610351562,190.77000427246094,50882,0.0,0.0,0.0
2024-03-11 12:30:00-04:00,190.77999877929688,191.0500030517578,190.5500030517578,190.97000122070312,35196,0.0,0.0,0.0
2024-03-11 13:30:00-04:00,190.9499969482422,191.1199951171875,190.44979858398438,190.9593048095703,55723,0.0,0.0,0.0
2024-03-11 14:30:00-04:00,191.0449981689453,191.29690551757812,190.58999633789062,190.6300048828125,43230,0.0,0.0,0.0
2024-03-11 15:30:00-04:00,190.63999938964844,190.89999389648438,190.47000122070312,190.69000244140625,37628,0.0,0.0,0.0
2024-03-12 09:30:00-04:00,192.02999877929688,193.0500030517578,190.75,193.0500030517578,129528,0.0,0.0,0.0
2024-03-12 10:30:00-04:00,193.03500366210938,193.91000366210938,193.03500366210938,193.8699951171875,264268,0.0,0.0,0.0
2024-03-12 11:30:00-04:00,193.89999389648438,193.89999389648438,193.25999450683594,193.30999755859375,74859,0.0,0.0,0.0
2024-03-12 12:30:00-04:00,193.30999755859375,193.55999755859375,192.74000549316406,193.36000061035156,1358229,0.0,0.0,0.0
2024-03-12 13:30:00-04:00,193.39999389648438,193.9700927734375,193.35000610351562,193.9700927734375,2096916,0.0,0.0,0.0
2024-03-12 14:30:00-04:00,193.97999572753906,194.22000122070312,193.58999633789062,194.14999389648438,45973,0.0,0.0,0.0
2024-03-12 15:30:00-04:00,194.1999969482422,194.38999938964844,193.99000549316406,194.22000122070312,69016,0.0,0.0,0.0
2024-03-13 09:30:00-04:00,194.11000061035156,194.11000061035156,192.77000427246094,193.15989685058594,78774,0.0,0.0,0.0
2024-03-13 10:30:00-04:00,193.24000549316406,193.66000366210938,193.09039306640625,193.13999938964844,42197,0.0,0.0,0.0
2024-03-13 11:30:00-04:00,193.1374053955078,193.46929931640625,192.89999389648438,193.35000610351562,58061,0.0,0.0,0.0
2024-03-13 12:30:00-04:00,193.32000732421875,193.86000061035156,193.1999969482422,193.8000030517578,127608,0.0,0.0,0.0
2024-03-13 13:30:00-04:00,193.8699951171875,193.92849731445312,193.6199951171875,193.77980041503906,32054,0.0,0.0,0.0
2024-03-13 14:30:00-04:00,193.78030395507812,193.94900512695312,192.8800048828125,192.9499969482422,51372,0.0,0.0,0.0
2024-03-13 15:30:00-04:00,193.0800018310547,193.5800018310547,193.0800018310547,193.3800048828125,40866,0.0,0.0,0.0
2024-03-14 09:30:00-04:00,194.25999450683594,194.61000061035156,192.8000030517578,193.95970153808594,34031,0.0,0.0,0.0
2024-03-14 10:30:00-04:00,194.2100067138672,194.33999633789062,193.67030334472656,193.8000030517578,30879,0.0,0.0,0.0
2024-03-14 11:30:00-04:00,193.80999755859375,194.0500030517578,193.1999969482422,193.60000610351562,50385,0.0,0.0,0.0
2024-03-14 12:30:00-04:00,193.58999633789062,193.7698974609375,192.97000122070312,193.34010314941406,34952,0.0,0.0,0.0
2024-03-14 13:30:00-04:00,193.3300018310547,194.22999572753906,193.3000030517578,193.94500732421875,37952,0.0,0.0,0.0
2024-03-14 14:30:00-04:00,193.99000549316406,194.08999633789062,192.86000061035156,192.97909545898438,45744,0.0,0.0,0.0
2024-03-14 15:30:00-04:00,192.9600067138672,193.86000061035156,192.72999572753906,193.85000610351562,62652,0.0,0.0,0.0
2024-03-15 09:30:00-04:00,191.99000549316406,192.5800018310547,191.10479736328125,191.85000610351562,95702,0.0,0.0,0.0
2024-03-15 10:30:00-04:00,191.7899932861328,192.47999572753906,191.6699981689453,191.88999938964844,40982,0.0,0.0,0.0
2024-03-15 11:30:00-04:00,191.8800048828125,191.89419555664062,190.97999572753906,191.1300048828125,38862,0.0,0.0,0.0
2024-03-15 12:30:00-04:00,191.0850067138672,191.3800048828125,190.80479431152344,191.1999969482422,26379,0.0,0.0,0.0
2024-03-15 13:30:00-04:00,191.24960327148438,191.6300048828125,191.12899780273438,191.4199981689453,29313,0.0,0.0,0.0
2024-03-15 14:30:00-04:00,191.4499969482422,191.86000061035156,191.38999938964844,191.63999938964844,81098,0.0,0.0,0.0
2024-03-15 15:30:00-04:00,191.60000610351562,191.63999938964844,191.22999572753906,191.47000122070312,28977,0.0,0.0,0.0
2024-03-18 09:30:00-04:00,193.8300018310547,194.94000244140625,193.74000549316406,194.91250610351562,53612,0.0,0.0,0.0
2024-03-18 10:30:00-04:00,194.89999389648438,194.91000366210938,194.13510131835938,194.35000610351562,34292,0.0,0.0,0.0
2024-03-18 11:30:00-04:00,194.16000366210938,194.19000244140625,193.76800537109375,193.9394989013672,23220,0.0,0.0,0.0
2024-03-18 12:30:00-04:00,193.8553009033203,193.8800048828125,193.32899475097656,193.65499877929688,31738,0.0,0.0,0.0
2024-03-18 13:30:00-04:00,193.77999877929688,194.0449981689453,193.38999938964844,194.04469299316406,26431,0.0,0.0,0.0
2024-03-18 14:30:00-04:00,193.93499755859375,194.0,193.47999572753906,193.8000030517578,33605,0.0,0.0,0.0
2024-03-18 15:30:00-04:00,193.8000030517578,193.9196014404297,193.1649932861328,193.2899932861328,49363,0.0,0.0,0.0
2024-03-19 09:30:00-04:00,192.75,192.80999755859375,191.7899932861328,192.23989868164062,39940,0.0,0.0,0.0
2024-03-19 10:30:00-04:00,192.33999633789062,192.9595947265625,192.2996063232422,192.90499877929688,75453,0.0,0.0,0.0
2024-03-19 11:30:00-04:00,193.02000427246094,193.5399932861328,192.92999267578125,193.49000549316406,35954,0.0,0.0,0.0
2024-03-19 12:30:00-04:00,193.58999633789062,194.27000427246094,193.58999633789062,194.1199951171875,34522,0.0,0.0,0.0
2024-03-19 13:30:00-04:00,194.1999969482422,194.4199981689453,194.0500030517578,194.25999450683594,26063,0.0,0.0,0.0
2024-03-19 14:30:00-04:00,194.25,194.4149932861328,193.77999877929688,193.94000244140625,35258,0.0,0.0,0.0
2024-03-19 15:30:00-04:00,193.89999389648438,194.6300048828125,193.89999389648438,194.57000732421875,50230,0.0,0.0,0.0
2024-03-20 09:30:00-04:00,194.89999389648438,194.9499969482422,194.1781005859375,194.72000122070312,33409,0.0,0.0,0.0
2024-03-20 10:30:00-04:00,194.72000122070312,194.74000549316406,194.25999450683594,194.64999389648438,48957,0.0,0.0,0.0
2024-03-20 11:30:00-04:00,194.6699981689453,194.67250061035156,194.27000427246094,194.52000427246094,18632,0.0,0.0,0.0
2024-03-20 12:30:00-04:00,194.46499633789062,194.75,194.33999633789062,194.5,23043,0.0,0.0,0.0
2024-03-20 13:30:00-04:00,194.47999572753906,195.72999572753906,194.30999755859375,195.35000610351562,55047,0.0,0.0,0.0
2024-03-20 14:30:00-04:00,195.5,196.585205078125,194.88999938964844,196.52000427246094,62727,0.0,0.0,0.0
2024-03-20 15:30:00-04:00,196.52000427246094,196.6699981689453,196.0800018310547,196.6699981689453,60593,0.0,0.0,0.0
2024-03-21 09:30:00-04:00,197.89999389648438,197.89999389648438,197.0200958251953,197.4199981689453,44853,0.0,0.0,0.0
2024-03-21 10:30:00-04:00,197.15499877929688,197.41000366210938,196.8300018310547,197.17999267578125,39151,0.0,0.0,0.0
2024-03-21 11:30:00-04:00,197.33999633789062,197.61000061035156,197.22999572753906,197.5800018310547,33544,0.0,0.0,0.0
2024-03-21 12:30:00-04:00,197.61000061035156,197.61000061035156,197.14999389648438,197.25999450683594,33332,0.0,0.0,0.0
2024-03-21 13:30:00-04:00,197.18800354003906,197.24000549316406,196.5590057373047,196.8300018310547,24622,0.0,0.0,0.0
2024-03-21 14:30:00-04:00,196.83999633789062,196.86000061035156,196.35000610351562,196.6300048828125,86796,0.0,0.0,0.0
2024-03-21 15:30:00-04:00,196.65499877929688,196.7899932861328,196.39999389648438,196.39999389648438,77742,0.0,0.0,0.0
2024-03-22 09:30:00-04:00,196.32000732421875,196.66409301757812,196.0,196.42999267578125,32861,0.0,0.0,0.0
2024-03-22 10:30:00-04:00,196.47999572753906,196.72000122070312,196.2100067138672,196.64999389648438,25351,0.0,0.0,0.0
2024-03-22 11:30:00-04:00,196.69000244140625,196.85000610351562,196.52999877929688,196.74000549316406,27865,0.0,0.0,0.0
2024-03-22 12:30:00-04:00,196.7373046875,197.24000549316406,196.49899291992188,197.0695037841797,30395,0.0,0.0,0.0
2024-03-22 13:30:00-04:00,197.14999389648438,197.3300018310547,196.9600067138672,197.27999877929688,41048,0.0,0.0,0.0
2024-03-22 14:30:00-04:00,197.2790069580078,197.27999877929688,196.64999389648438,196.88009643554688,32239,0.0,0.0,0.0
2024-03-22 15:30:00-04:00,196.85000610351562,197.1699981689453,196.77999877929688,196.77999877929688,33049,0.0,0.0,0.0
2024-03-25 09:30:00-04:00,195.88999938964844,196.4600067138672,195.11000061035156,196.27999877929688,41407,0.0,0.0,0.0
2024-03-25 10:30:00-04:00,196.2465057373047,196.3800048828125,196.0,196.14999389648438,23998,0.0,0.0,0.0
2024-03-25 11:30:00-04:00,196.1199951171875,196.33999633789062,195.97999572753906,196.15020751953125,20568,0.0,0.0,0.0
2024-03-25 12:30:00-04:00,196.0915069580078,196.32179260253906,196.0500030517578,196.32179260253906,13318,0.0,0.0,0.0
2024-03-25 13:30:00-04:00,196.2899932861328,196.5399932861328,196.25999450683594,196.4550018310547,19622,0.0,0.0,0.0
2024-03-25 14:30:00-04:00,196.389892578125,196.55999755859375,196.2303009033203,196.2801055908203,23472,0.0,0.0,0.0
2024-03-25 15:30:00-04:00,196.23500061035156,196.4398956298828,195.89999389648438,196.02999877929688,47832,0.0,0.0,0.0
2024-03-26 09:30:00-04:00,196.77000427246094,196.82000732421875,196.39999389648438,196.48500061035156,41426,0.0,0.0,0.0
2024-03-26 10:30:00-04:00,196.4499969482422,196.74000549316406,196.3000030517578,196.74000549316406,115169,0.0,0.0,0.0
2024-03-26 11:30:00-04:00,196.6699981689453,196.8300018310547,196.41000366210938,196.47000122070312,24392,0.0,0.0,0.0
2024-03-26 12:30:00-04:00,196.5399932861328,196.5399932861328,196.27999877929688,196.3699951171875,21816,0.0,0.0,0.0
2024-03-26 13:30:00-04:00,196.44090270996094,196.5399932861328,196.25999450683594,196.50999450683594,29439,0.0,0.0,0.0
2024-03-26 14:30:00-04:00,196.49000549316406,196.5200958251953,195.97999572753906,196.02999877929688,19371,0.0,0.0,0.0
2024-03-26 15:30:00-04:00,196.02000427246094,196.02000427246094,195.0800018310547,195.19000244140625,85954,0.0,0.0,0.0
2024-03-27 09:30:00-04:00,196.33999633789062,196.3800048828125,194.4499969482422,194.6199951171875,53676,0.0,0.0,0.0
2024-03-27 10:30:00-04:00,194.74000549316406,194.9499969482422,194.4499969482422,194.4499969482422,35800,0.0,0.0,0.0
2024-03-27 11:30:00-04:00,194.44000244140625,194.7899932861328,194.36000061035156,194.7899932861328,32231,0.0,0.0,0.0
2024-03-27 12:30:00-04:00,194.83999633789062,194.92999267578125,194.5800018310547,194.77999877929688,21483,0.0,0.0,0.0
2024-03-27 13:30:00-04:00,194.80999755859375,195.07000732421875,194.61500549316406,194.95669555664062,22450,0.0,0.0,0.0
2024-03-27 14:30:00-04:00,195.02000427246094,195.02999877929688,194.4199981689453,194.7899932861328,57574,0.0,0.0,0.0
2024-03-27 15:30:00-04:00,194.82000732421875,195.6699981689453,194.77999877929688,195.6699981689453,77322,0.0,0.0,0.0
2024-03-28 09:30:00-04:00,195.41000366210938,195.74000549316406,194.88999938964844,195.4154052734375,40630,0.0,0.0,0.0
2024-03-28 10:30:00-04:00,195.36000061035156,195.52049255371094,195.27999877929688,195.41000366210938,23167,0.0,0.0,0.0
2024-03-28 11:30:00-04:00,195.50999450683594,195.51919555664062,195.0749969482422,195.27000427246094,30999,0.0,0.0,0.0
2024-03-28 12:30:00-04:00,195.19000244140625,195.3000030517578,195.10130310058594,195.19979858398438,26917,0.0,0.0,0.0
2024-03-28 13:30:00-04:00,195.15249633789062,195.36000061035156,195.11000061035156,195.2902069091797,21892,0.0,0.0,0.0
2024-03-28 14:30:00-04:00,195.32000732421875,195.72000122070312,195.1199951171875,195.61019897460938,29097,0.0,0.0,0.0
2024-03-28 15:30:00-04:00,195.60000610351562,195.60000610351562,195.0500030517578,195.08999633789062,75142,0.0,0.0,0.0
